0 181
1 180
2 179
3 178
4 177
5 176
6 175
7 174
8 173
9 172
10 171
11 170
12 169
13 168
14 168
15 168
16 168
17 168
18 168
19 168
20 168
21 168
22 168
23 168
24 168
25 168
26 168
27 168
28 168
29 168
30 168
31 168
32 168
33 168
34 167
35 166
36 165
37 164
38 163
39 162
40 161
41 160
42 159
43 158
44 157
45 156
46 155
47 154
48 153
49 152
50 151
51 150
52 149
53 148
54 147
55 147
56 148
57 147
58 146
59 145
60 145
61 145
62 145
63 146
64 147
65 147
66 148
67 149
68 150
69 151
70 152
71 153
72 154
73 155
74 155
75 156
76 156
77 156
78 157
79 158
80 158
81 158
82 157
83 156
84 155
85 155
86 155
87 155
88 155
89 156
90 157
91 157
92 158
93 158
94 157
95 156
96 156
97 156
98 156
99 155
100 156
101 156
102 155
103 154
104 153
103 152
102 151
102 150
101 149
101 148
102 147
103 146
104 145
105 144
106 143
107 142
108 141
109 140
110 139
111 138
112 137
113 136
114 135
115 134
116 133
117 132
118 131
119 130
120 129
121 128
122 127
123 126
124 125
125 124
126 123
127 122
128 121
129 120
130 119
131 118
132 117
133 116
134 115
135 114
136 113
137 112
138 111
139 110
140 109
141 108
142 107
143 106
144 105
145 104
146 103
147 102
148 101
149 100
150 99
151 98
152 97
153 96
154 95
155 94
156 93
157 92
158 91
159 90
160 89
161 88
162 87
163 86
164 85
165 84
166 83
167 82
168 81
169 80
170 79
171 78
172 77
173 76
174 75
175 74
176 73
177 72
178 71
179 70
180 69
181 68
182 67
183 66
184 65
185 64
186 63
187 62
188 61
189 60
190 59
191 58
192 57
193 56
194 55
195 54
196 53
197 52
198 51
199 50
200 49
201 48
202 47
203 46
204 45
205 44
206 43
207 42
208 41
209 40
210 39
211 38
212 39
213 40
214 40
215 40
216 41
217 41
218 41
219 41
220 41
221 41
222 41
223 41
224 41
225 41
226 42
227 43
228 44
229 45
230 45
231 45
232 45
233 46
234 46
235 46
236 46
237 46
238 47
239 46
240 45
241 45
242 46
243 46
244 47
245 48
246 48
247 48
248 48
249 48
250 48
251 48
252 49
253 49
254 49
255 49
256 48
257 47
258 46
259 46
260 46
261 45
262 44
263 44
264 44
265 44
266 44
267 45
268 45
269 45
270 46
271 47
272 48
273 47
274 47
275 47
276 47
277 47
278 46
279 46
280 46
281 47
282 46
283 45
284 46
285 47
286 48
287 49
288 50
289 51
290 52
291 53
292 54
293 55
294 56
295 57
296 58
297 59
298 60
299 61
300 62
301 63
302 64
303 65
304 66
305 67
306 68
307 69
308 70
309 71
310 72
311 73
312 74
313 75
314 76
315 77
316 78
317 79
318 80
319 81
320 82
321 83
322 84
323 85
324 86
325 87
326 88
327 89
328 90
329 91
330 92
331 93
332 94
333 95
334 96
335 97
336 98
337 99
337 100
337 101
337 102
336 103
335 104
334 105
334 106
334 107
333 108
333 109
333 110
333 111
334 112
334 113
335 114
335 115
334 116
334 117
335 118
334 119
334 120
334 121
334 122
335 123
335 124
334 125
334 126
334 127
334 128
334 129
334 130
334 131
334 132
335 133
335 134
335 135
335 136
336 137
337 138
338 139
339 140
339 141
339 142
339 143
340 144
340 145
341 146
342 147
342 148
342 149
343 150
343 151
344 152
345 153
345 154
346 155
346 156
346 157
346 158
346 159
346 160
345 161
345 162
345 163
344 164
344 165
345 166
345 167
345 168
345 169
345 170
344 171
343 172
344 173
345 174
345 175
345 176
345 177
345 178
345 179
345 180
345 181
345 182
345 183
345 184
346 185
346 186
345 187
344 188
343 189
343 190
342 191
341 192
340 193
339 194
338 195
337 196
336 197
335 198
334 199
333 200
332 201
331 202
330 203
329 204
328 205
327 206
326 207
325 208
324 209
323 210
322 211
321 212
320 213
319 214
318 215
317 216
316 217
315 218
314 219
313 220
312 221
311 222
310 223
309 224
308 225
307 226
306 227
305 228
304 229
303 230
302 231
301 232
300 233
299 234
298 235
297 236
296 237
295 238
294 239
293 240
292 241
291 242
290 243
289 244
288 245
287 246
286 247
285 248
284 249
283 250
282 251
281 252
280 253
279 254
278 255
277 256
276 257
275 258
274 259
273 260
272 261
272 262
273 263
274 264
275 265
276 266
277 267
278 268
279 269
280 270
281 271
282 272
283 273
284 274
285 275
286 276
287 277
288 278
289 279
289 280
290 281
290 282
290 283
290 284
290 285
291 286
291 287
291 288
291 289
292 290
293 291
293 292
293 293
293 294
292 295
291 296
291 297
291 298
291 299
291 300
291 301
291 302
292 303
292 304
293 305
292 306
292 307
293 308
294 309
295 310
295 311
295 312
295 313
295 314
294 315
293 316
293 317
293 318
292 319
292 320
292 321
292 322
291 323
291 324
291 325
291 326
291 327
291 328
291 329
291 330
291 331
291 332
291 333
291 334
291 335
292 336
293 337
294 338
295 339
296 340
297 341
298 342
299 343
300 344
301 345
302 346
302 347
302 348
302 349
302 350
302 351
302 352
303 353
303 354
303 355
304 356
305 357
306 358
307 359
307 360
307 361
308 362
308 363
308 364
309 365
309 366
309 367
309 368
309 369
310 370
311 371
311 372
311 373
312 374
313 375
313 376
313 377
313 378
312 379
311 380
311 381
311 382
312 383
313 384
314 385
315 386
315 387
314 388
313 389
312 390
312 391
313 392
312 393
312 394
312 395
311 396
310 397
310 398
310 399
309 400
308 401
308 402
308 403
307 404
306 404
305 405
304 405
303 405
302 406
301 406
300 407
299 406
298 406
297 405
296 404
295 403
294 403
293 404
292 404
291 404
290 404
289 404
288 404
287 404
286 404
285 405
284 406
283 406
282 406
281 406
280 406
279 406
278 406
277 406
276 407
275 408
274 408
273 408
272 409
271 409
270 409
269 409
268 410
267 410
266 410
265 411
264 411
263 411
262 411
261 412
260 412
259 411
258 411
257 412
256 413
255 413
254 414
253 414
252 414
251 414
250 414
249 414
248 413
247 413
246 414
245 414
244 414
243 415
242 416
241 417
240 418
239 419
238 420
237 421
236 422
235 423
234 424
233 425
232 426
231 427
230 427
229 427
228 427
227 428
226 428
225 428
224 429
223 430
222 431
221 431
220 432
219 433
218 433
217 434
216 435
215 435
214 435
213 435
212 435
211 435
210 435
209 435
208 435
207 435
206 435
205 435
204 434
203 434
202 434
201 434
200 434
199 433
198 433
197 432
196 432
195 431
194 430
193 429
192 428
191 427
190 426
189 426
188 425
187 425
186 425
185 425
184 425
183 425
182 425
181 425
180 425
179 426
178 426
177 427
176 427
175 427
174 427
173 427
172 427
171 427
170 427
169 426
168 426
167 425
166 424
165 423
164 423
163 422
162 421
161 420
160 419
159 418
158 417
157 416
156 415
155 414
154 413
153 412
152 411
151 410
150 409
149 408
148 407
147 406
146 405
145 404
144 403
143 402
142 401
141 400
140 401
139 402
138 403
137 404
136 405
135 406
134 407
133 408
132 409
131 410
130 411
129 412
128 413
127 414
126 415
125 416
124 417
123 418
122 419
121 420
120 421
119 422
118 423
117 424
116 425
115 426
114 427
113 428
112 429
111 430
110 431
109 432
108 433
107 433
106 434
105 435
104 435
103 435
102 435
101 434
100 435
99 435
98 434
97 434
96 434
95 434
94 435
93 435
92 435
91 435
90 435
89 435
88 436
87 436
86 437
85 437
84 437
83 437
82 436
81 435
80 435
79 435
78 435
77 435
76 435
75 435
74 435
73 435
72 435
71 435
70 435
69 435
68 435
67 435
66 435
65 435
64 435
63 434
62 433
61 433
60 433
59 433
58 433
57 433
56 433
55 433
54 433
53 433
52 432
51 431
50 430
49 429
48 428
47 427
46 426
45 425
44 426
43 427
42 428
41 429
40 430
39 431
38 432
37 433
36 434
35 435
34 436
33 436
32 436
31 436
30 436
29 436
28 436
27 436
26 436
25 436
24 436
23 436
22 436
21 436
20 436
19 436
18 436
17 436
16 436
15 436
14 436
13 436
12 436
11 436
10 436
9 436
8 437
7 438
6 439
5 440
4 441
3 442
2 443
1 444
0 445
