0 171
1 170
2 169
3 168
4 167
5 166
6 165
7 164
8 164
9 164
10 164
11 164
12 164
13 164
14 164
15 164
16 164
17 164
18 164
19 164
20 164
21 164
22 164
23 164
24 164
25 164
26 164
27 163
27 162
28 161
28 160
29 159
28 158
28 157
28 156
28 155
28 154
27 153
26 152
26 151
25 150
25 149
24 148
24 147
24 146
25 145
25 144
26 143
27 142
28 141
29 140
30 139
31 138
32 137
33 136
34 135
35 134
36 133
37 132
38 131
39 130
40 129
41 128
42 127
43 126
44 125
45 124
46 123
47 122
48 121
49 120
50 119
51 118
52 117
53 116
54 115
55 114
56 113
57 112
58 111
59 110
60 109
61 108
62 107
63 106
64 106
65 106
66 105
67 105
68 104
69 104
70 104
71 104
72 103
73 102
74 101
75 100
76 99
77 98
78 97
79 96
80 95
81 94
82 93
83 92
84 91
85 90
86 89
87 88
88 87
89 86
90 85
91 84
92 83
93 82
94 81
95 80
96 79
97 78
98 77
99 76
100 75
101 74
102 73
103 72
104 71
105 70
106 69
107 68
108 67
109 66
110 65
111 64
112 63
113 62
114 61
115 60
116 59
117 58
118 57
119 56
120 55
121 54
122 53
123 52
124 51
125 50
126 49
127 48
128 47
129 46
130 45
131 44
132 43
133 42
134 41
135 40
136 39
137 38
138 37
139 36
140 35
141 34
142 33
143 32
144 31
145 30
146 30
147 30
148 30
149 30
150 31
151 32
152 32
153 32
154 31
155 30
156 29
157 29
158 30
159 31
160 32
161 33
162 34
163 35
164 36
165 37
166 38
167 39
168 40
169 41
170 42
171 43
172 44
173 45
174 46
175 47
176 48
177 49
178 50
179 51
180 52
181 53
182 54
183 55
184 56
185 57
186 58
187 59
188 60
189 61
190 62
191 63
192 64
193 65
194 66
195 67
196 68
197 69
198 70
199 71
200 72
201 73
202 74
203 75
204 76
205 77
206 78
207 78
208 79
209 80
210 80
211 80
212 80
213 79
214 80
215 80
216 80
217 81
218 81
219 81
220 81
221 81
222 81
223 82
224 83
225 84
226 85
227 86
228 87
229 88
230 89
231 90
232 91
233 92
234 93
235 94
236 95
237 96
237 97
238 98
238 99
238 100
239 101
239 102
238 103
238 104
238 105
239 106
239 107
239 108
238 109
237 110
236 111
236 112
236 113
236 114
236 115
236 116
236 117
235 118
235 119
234 120
234 121
234 122
234 123
234 124
234 125
233 126
233 127
232 128
231 129
230 130
230 131
229 132
228 133
227 134
226 135
225 136
224 137
223 138
222 139
221 140
220 141
219 142
218 143
217 144
216 145
215 146
214 147
213 148
212 149
211 150
212 151
213 152
214 153
215 154
216 155
217 156
218 157
219 158
220 159
221 160
222 161
223 162
224 163
225 164
226 165
227 166
228 167
229 168
230 169
231 170
232 171
232 172
232 173
232 174
233 175
234 176
235 177
236 178
237 179
238 180
239 181
240 182
239 183
238 184
237 185
236 186
235 187
235 188
234 189
233 190
233 191
232 192
231 193
230 194
229 195
228 196
227 197
226 198
225 199
224 200
223 201
222 202
221 203
220 204
219 205
218 206
217 207
216 208
215 209
214 210
213 211
212 212
211 213
210 214
209 215
208 216
207 217
206 218
205 219
204 220
203 221
202 222
201 223
200 224
199 225
198 226
197 227
196 228
195 229
194 230
193 231
192 232
191 233
190 234
189 235
188 236
187 237
186 238
185 239
184 240
183 241
182 242
181 243
180 244
179 245
178 246
177 247
176 248
175 249
174 250
173 251
172 252
171 253
170 254
169 255
169 256
170 257
171 258
172 259
173 260
174 261
175 262
176 263
177 264
177 265
177 266
177 267
177 268
177 269
177 270
177 271
178 272
178 273
178 274
178 275
179 276
180 277
180 278
180 279
181 280
182 281
183 282
184 283
185 284
186 285
187 286
188 287
189 288
190 289
191 290
192 291
193 292
194 293
195 294
196 295
197 296
198 297
199 298
200 299
201 300
202 301
203 302
204 303
205 304
206 305
207 306
208 307
209 308
210 309
211 310
212 311
213 312
214 313
215 314
216 315
217 316
218 317
219 318
220 319
221 320
222 321
223 322
224 323
225 324
226 325
227 326
228 326
229 325
230 325
231 325
232 325
233 325
234 325
235 326
236 327
237 328
238 329
239 330
240 331
241 332
242 333
243 333
244 334
245 335
246 336
247 335
248 335
249 335
250 335
251 335
252 335
253 335
254 335
255 336
256 336
257 335
258 336
259 335
260 335
261 335
262 335
263 336
264 336
265 336
266 337
267 337
268 337
269 336
270 336
271 335
272 335
273 335
274 335
275 335
276 336
277 337
278 337
279 336
280 336
281 336
282 336
283 335
284 334
285 333
286 332
287 331
288 330
289 331
290 332
291 333
292 334
293 335
294 336
295 337
296 338
297 339
298 340
299 341
300 342
301 343
302 344
303 345
304 346
305 347
306 348
307 349
308 350
309 351
310 352
311 353
312 354
313 355
314 356
315 357
316 358
317 359
318 360
319 361
320 362
321 363
322 364
323 365
324 366
325 367
326 368
327 369
328 370
329 371
330 372
331 373
332 374
333 375
334 376
335 377
336 378
337 379
338 380
339 381
340 382
341 383
342 384
343 385
344 386
345 387
346 388
347 389
348 390
349 391
350 392
351 393
352 394
353 395
354 396
355 397
356 398
357 399
358 400
359 401
360 402
361 403
362 404
363 405
364 406
365 407
366 408
367 409
368 410
369 411
370 412
371 413
372 414
373 415
374 416
375 417
376 418
377 419
378 420
379 421
380 422
381 423
382 424
383 425
384 426
385 427
386 428
387 429
388 430
389 431
390 432
391 433
392 434
393 435
394 436
395 437
396 438
397 439
398 440
399 441
400 442
401 442
402 443
403 443
404 442
405 442
406 441
407 441
408 440
409 441
410 441
411 441
412 441
413 440
414 440
415 441
416 442
417 443
418 444
419 445
420 445
421 444
422 444
423 443
424 443
425 442
426 442
427 441
428 441
429 441
430 441
431 440
432 440
433 440
434 440
435 441
436 441
437 440
438 441
439 440
440 441
441 441
442 441
443 441
444 441
445 441
446 441
447 442
448 441
449 441
450 440
451 440
452 440
453 441
454 441
455 441
456 441
457 442
458 443
459 444
460 445
461 446
462 447
463 448
464 449
465 450
466 451
467 452
468 453
469 454
470 454
471 454
472 454
473 454
474 454
475 454
476 454
477 454
478 454
479 454
480 454
481 454
482 454
483 454
484 454
485 454
486 454
487 454
488 454
489 454
490 454
491 454
492 454
493 454
494 455
495 456
496 457
497 458
498 459
499 460
