140 0
139 1
138 2
137 3
136 4
135 5
134 6
133 7
132 8
131 9
131 10
131 11
131 12
131 13
131 14
131 15
131 16
131 17
131 18
131 19
131 20
131 21
131 22
131 23
131 24
132 25
133 26
134 27
135 28
136 29
137 30
138 31
139 32
140 33
141 34
142 35
143 36
144 37
145 38
146 39
147 40
148 41
149 42
150 43
151 44
152 44
153 45
154 46
155 46
156 46
157 46
158 46
159 46
160 47
161 46
162 46
163 46
164 47
165 48
166 48
167 48
168 47
169 46
170 46
171 46
172 46
173 46
174 46
175 45
176 46
177 46
178 46
179 46
180 47
181 48
182 48
183 48
184 49
185 49
186 48
187 48
188 48
189 48
190 47
191 46
192 46
193 45
194 45
195 46
196 46
197 47
198 47
199 48
200 48
201 49
202 49
203 49
204 48
205 47
206 46
207 45
208 44
209 43
210 42
211 42
212 41
213 41
214 40
215 39
216 38
217 37
218 36
219 36
220 36
221 36
222 36
223 35
224 36
225 36
226 36
227 36
228 37
229 36
230 35
231 35
232 36
233 36
234 36
235 36
236 35
237 35
238 35
239 36
240 36
241 35
242 35
243 35
244 35
245 35
246 36
247 36
248 35
249 35
250 35
251 35
252 36
253 36
254 36
255 35
256 35
257 36
258 36
259 36
260 36
261 37
262 38
263 39
264 40
265 41
266 42
267 43
268 44
269 45
270 46
271 47
272 48
273 49
274 50
275 51
276 52
277 53
278 54
279 55
280 56
281 57
282 58
283 59
284 59
285 59
286 59
287 59
288 59
289 59
290 59
291 60
292 61
293 61
294 62
295 62
296 62
297 62
298 62
299 61
300 60
301 59
302 60
303 61
304 62
305 63
306 64
307 65
308 66
309 67
310 68
311 69
312 70
313 71
314 72
315 73
316 74
317 75
318 76
319 77
320 78
321 79
322 80
323 81
324 82
325 83
326 84
327 85
328 86
329 87
330 88
331 89
332 90
333 91
334 92
335 93
336 94
337 95
338 96
339 97
340 98
341 99
342 100
343 101
344 102
345 103
346 104
347 105
348 106
349 107
350 108
351 109
352 110
353 111
354 112
355 113
356 114
357 115
357 116
357 117
357 118
358 119
359 120
359 121
360 122
361 123
361 124
362 125
363 126
363 127
363 128
363 129
363 130
363 131
363 132
363 133
363 134
363 135
362 136
361 137
361 138
360 139
360 140
360 141
360 142
359 143
359 144
359 145
358 146
358 147
359 148
358 149
358 150
357 151
356 152
355 153
355 154
354 155
353 155
352 156
351 156
350 156
349 156
348 155
347 155
346 155
345 154
344 153
343 152
342 153
341 153
340 153
339 153
338 153
337 153
336 153
335 153
334 153
333 153
332 152
331 151
330 152
329 153
328 154
327 155
326 156
325 157
324 158
323 159
322 160
321 161
320 162
319 163
318 164
317 165
316 166
315 167
314 168
313 169
312 170
311 171
310 172
309 173
308 174
307 175
306 176
305 177
304 178
303 179
302 180
301 181
300 182
299 183
298 184
297 185
296 186
295 187
294 188
293 189
292 190
291 191
290 192
289 193
288 194
287 195
286 196
285 197
284 198
283 199
282 200
281 201
280 202
279 203
278 204
277 205
276 206
275 207
274 208
273 209
272 210
271 211
270 212
269 213
268 214
267 215
266 216
265 217
264 218
263 219
262 220
261 221
260 222
259 223
258 224
257 225
256 226
255 227
254 228
253 229
252 230
251 231
251 232
252 233
253 234
254 235
255 236
256 237
257 238
258 239
259 240
260 241
261 242
262 243
263 244
264 245
265 246
266 247
267 248
268 249
269 250
270 251
271 252
272 253
273 254
274 255
275 256
276 257
277 258
278 259
279 260
280 261
281 262
282 263
283 264
284 265
285 266
286 267
287 268
288 269
289 270
290 271
291 272
292 273
293 274
294 275
295 276
296 277
297 278
298 279
299 280
300 281
301 282
302 283
303 284
304 285
305 286
306 287
307 288
307 289
307 290
307 291
308 292
308 293
309 294
310 295
310 296
309 297
309 298
309 299
308 300
308 301
307 302
306 303
305 304
304 305
303 306
302 307
301 308
300 309
299 310
298 311
297 312
296 313
295 314
294 315
293 316
292 317
291 318
290 319
289 320
289 321
290 322
291 323
292 324
293 325
294 326
295 327
296 328
297 329
298 330
299 331
300 332
301 333
302 334
303 335
304 336
305 337
306 338
307 339
308 340
309 341
310 342
311 343
312 344
313 345
314 346
315 347
316 348
317 349
318 350
319 351
320 352
321 353
322 354
323 355
324 356
325 357
325 358
326 359
327 360
327 361
328 362
328 363
329 364
330 365
331 366
331 367
332 368
333 369
334 370
334 371
334 372
333 373
333 374
333 375
332 376
332 377
331 378
331 379
332 380
333 381
332 382
331 383
330 384
330 385
329 386
328 387
328 388
328 389
328 390
327 391
326 391
325 392
324 393
323 393
322 394
321 394
320 395
319 395
318 396
317 397
316 398
315 398
314 398
313 398
312 398
311 398
310 399
309 400
308 401
307 402
306 403
305 404
304 405
303 406
302 407
301 408
300 409
299 410
298 411
297 412
296 413
295 414
294 415
293 416
292 417
291 417
290 417
289 417
288 416
287 417
286 417
285 417
284 417
283 417
282 417
281 417
280 417
279 418
278 419
277 420
276 421
275 421
274 421
273 421
272 422
271 422
270 423
269 424
268 425
267 425
266 425
265 425
264 425
263 425
262 426
261 426
260 426
259 427
258 426
257 426
256 427
255 427
254 427
253 426
252 426
251 425
250 424
249 423
248 423
247 423
246 424
245 425
244 426
243 427
242 428
241 429
240 430
239 431
238 432
237 433
236 434
235 435
234 436
233 437
232 438
231 439
230 440
229 441
228 442
227 443
226 444
225 445
224 446
223 447
222 448
221 449
220 450
219 451
218 452
217 453
216 454
215 455
214 456
213 457
212 458
211 459
210 460
209 461
208 462
207 463
206 464
205 465
204 466
203 467
202 468
201 469
200 470
199 471
198 472
197 473
196 474
195 475
194 476
193 477
192 478
191 479
191 480
191 481
191 482
191 483
191 484
191 485
191 486
191 487
191 488
192 489
193 490
194 491
195 492
196 493
197 494
198 495
199 496
200 497
201 498
202 499
