0 135
1 134
2 133
3 132
4 131
5 130
6 129
7 128
8 127
9 126
10 126
11 126
12 126
13 126
14 126
15 126
16 126
17 126
18 126
19 126
20 126
21 126
22 126
23 126
24 126
25 126
26 126
27 126
28 126
29 126
30 126
31 126
32 126
33 127
34 128
35 129
36 130
37 131
38 132
39 133
40 134
41 135
42 136
43 137
44 138
45 139
46 140
47 141
48 142
49 143
50 144
51 145
52 146
53 147
54 148
55 149
56 150
57 151
58 152
59 153
60 154
61 155
62 156
63 157
64 158
65 159
66 160
67 161
68 162
69 163
70 164
71 165
72 166
73 167
74 168
75 169
76 170
77 171
78 172
79 173
80 174
81 175
82 176
83 177
84 178
85 179
86 180
87 181
88 182
89 183
90 184
91 185
92 186
93 187
94 188
95 189
96 190
97 191
98 192
99 193
100 194
101 195
102 196
103 197
104 198
105 199
106 200
107 201
108 202
109 203
110 204
111 205
112 206
113 207
114 208
115 209
116 210
117 211
118 212
119 213
120 214
121 215
122 216
123 217
124 218
125 219
126 220
127 221
128 222
129 223
130 223
131 224
132 225
133 225
134 225
135 225
136 225
137 225
138 225
139 224
140 223
141 222
142 221
143 220
144 219
145 218
146 218
147 218
148 217
149 216
150 216
151 217
152 218
153 219
154 220
155 221
156 222
157 223
158 224
159 225
160 226
161 227
162 228
163 229
164 230
165 231
166 232
167 233
168 234
169 235
170 236
171 237
172 238
173 239
174 240
175 241
176 242
177 243
178 244
179 245
180 246
181 247
182 248
183 249
184 250
185 251
186 252
187 253
188 254
189 255
190 256
191 257
192 258
193 259
194 260
195 261
196 262
197 263
198 264
199 265
200 266
201 267
202 268
203 269
204 270
205 271
206 272
207 273
208 274
209 275
210 276
211 277
212 278
213 279
214 280
215 281
216 282
217 283
218 284
219 285
220 286
221 287
222 288
223 289
224 290
225 291
226 292
227 293
228 294
229 295
230 296
231 297
232 298
233 299
234 300
235 301
236 302
237 303
238 303
239 304
240 305
241 306
242 307
243 308
244 309
245 310
246 311
247 312
248 313
249 314
250 315
251 316
252 317
253 317
254 318
255 319
256 320
257 321
258 322
259 323
260 324
261 325
262 326
263 327
264 328
265 329
266 330
267 331
268 332
269 333
270 334
271 335
272 336
273 337
274 338
275 339
276 340
277 341
278 342
279 343
280 344
281 345
282 346
283 347
284 348
285 349
286 350
287 351
288 352
289 353
290 354
291 355
292 356
293 357
294 358
295 359
296 360
297 361
298 362
299 363
300 364
301 365
302 366
303 367
304 368
305 369
306 370
307 371
308 372
309 373
310 374
311 375
312 376
313 377
314 377
315 377
316 377
317 377
318 378
319 379
320 379
321 379
322 379
323 379
324 379
325 379
326 380
327 380
328 380
329 380
330 379
331 379
332 379
333 379
334 379
335 379
336 380
337 380
338 380
339 379
340 379
341 379
342 379
343 380
344 380
345 381
346 381
347 381
348 381
349 381
350 381
351 381
352 380
353 381
354 380
355 379
356 380
357 380
358 380
359 380
360 379
361 379
362 379
363 379
364 380
365 380
366 379
367 379
368 378
369 377
370 376
371 375
372 374
373 374
374 373
375 372
376 371
377 370
378 371
379 372
380 373
381 374
382 375
383 376
384 377
385 378
386 379
387 380
388 381
389 382
390 383
391 384
392 385
393 386
394 387
395 388
396 389
397 390
398 391
399 392
400 393
401 394
402 395
403 396
404 397
405 398
406 399
407 400
408 401
409 402
410 403
410 404
410 405
411 406
412 407
413 408
414 409
415 410
416 411
417 412
418 413
419 414
420 415
421 416
422 417
423 418
424 419
425 420
425 421
425 422
424 423
425 424
425 425
424 426
423 427
422 428
421 429
420 430
420 431
419 432
419 433
419 434
419 435
419 436
418 437
418 438
418 439
417 440
417 441
417 442
417 443
417 444
417 445
417 446
417 447
418 448
419 449
420 450
421 451
422 452
423 453
424 454
425 455
426 456
426 457
426 458
426 459
426 460
426 461
426 462
426 463
426 464
426 465
426 466
426 467
426 468
426 469
426 470
426 471
426 472
426 473
426 474
426 475
426 476
426 477
426 478
426 479
426 480
426 481
426 482
426 483
426 484
426 485
426 486
426 487
426 488
426 489
426 490
426 491
426 492
427 493
428 494
429 495
430 496
431 497
432 498
433 499
