114 0
113 1
112 2
111 3
110 4
109 5
108 6
107 7
106 8
105 9
104 10
104 11
104 12
104 13
104 14
104 15
104 16
104 17
104 18
103 19
102 20
101 21
100 22
99 23
98 24
97 25
96 26
95 27
94 28
93 29
92 30
91 31
90 32
89 33
88 34
87 35
86 36
85 37
84 38
83 39
82 40
81 41
80 42
79 43
79 44
80 45
81 46
82 47
83 48
84 49
85 50
86 51
87 52
88 53
89 54
89 55
90 56
90 57
89 58
89 59
89 60
89 61
89 62
89 63
89 64
88 65
88 66
88 67
88 68
87 69
87 70
87 71
88 72
89 73
89 74
89 75
89 76
90 77
90 78
90 79
89 80
89 81
89 82
89 83
88 84
87 85
87 86
87 87
88 88
89 89
89 90
89 91
88 92
88 93
89 94
89 95
89 96
89 97
90 98
89 99
88 100
87 101
86 102
85 103
84 104
83 105
82 106
81 107
81 108
81 109
81 110
81 111
80 112
80 113
79 114
78 115
77 116
76 117
75 118
75 119
75 120
74 121
74 122
74 123
73 124
72 125
71 126
70 127
69 128
68 129
67 130
66 131
65 132
64 133
63 134
62 135
61 136
60 137
59 138
58 139
57 140
56 141
55 142
54 143
53 144
52 145
51 146
50 147
49 148
48 149
47 150
46 151
45 152
44 153
43 154
42 155
41 156
40 157
39 158
38 159
37 160
36 161
35 162
34 163
33 164
32 165
31 166
30 167
29 168
28 169
29 170
30 171
31 172
32 173
33 174
34 175
35 176
36 177
37 178
38 179
39 180
40 181
41 182
42 183
43 184
44 185
45 186
45 187
45 188
45 189
45 190
45 191
44 192
44 193
44 194
43 195
42 196
41 197
40 198
39 199
38 200
37 201
36 202
35 203
34 204
35 205
35 206
36 207
37 208
38 209
39 210
39 211
39 212
39 213
39 214
38 215
39 216
39 217
39 218
38 219
37 220
36 221
36 222
36 223
35 224
35 225
36 226
37 227
38 228
39 229
39 230
39 231
39 232
39 233
39 234
40 235
40 236
39 237
38 238
37 239
36 240
35 241
34 242
33 243
32 244
31 245
30 246
29 247
28 248
27 249
26 250
25 251
24 252
24 253
24 254
24 255
24 256
25 257
25 258
26 259
25 260
25 261
24 262
23 263
22 264
21 265
20 266
20 267
20 268
20 269
20 270
21 271
20 272
20 273
20 274
20 275
20 276
19 277
18 278
18 279
17 280
16 281
15 282
14 283
14 284
14 285
15 286
16 287
17 288
18 289
19 290
19 291
20 292
20 293
21 294
22 295
22 296
23 297
24 298
24 299
25 300
25 301
25 302
26 303
26 304
26 305
26 306
26 307
27 308
28 309
28 310
28 311
28 312
28 313
28 314
28 315
29 316
29 317
29 318
29 319
29 320
30 321
30 322
31 323
30 324
30 325
29 326
28 327
28 328
28 329
28 330
28 331
29 332
29 333
29 334
30 335
31 336
32 337
33 338
33 339
34 340
35 341
36 342
36 343
36 344
36 345
36 346
36 347
36 348
37 349
36 350
37 351
38 352
39 353
40 354
41 355
42 356
43 357
44 358
45 359
46 360
47 361
48 362
49 363
50 364
51 365
52 366
53 367
54 368
55 369
56 370
57 371
58 372
59 373
60 374
61 375
62 376
63 377
64 378
65 379
66 380
67 381
68 382
69 383
70 384
71 385
72 386
73 387
74 388
75 389
76 390
77 391
78 392
79 393
80 394
81 395
82 396
83 397
84 398
85 399
86 400
87 401
88 402
89 403
90 404
91 405
92 406
93 407
94 408
95 409
96 410
97 411
98 412
99 413
100 414
101 415
102 416
103 417
104 418
105 419
106 420
107 421
108 422
109 423
110 424
111 425
112 426
113 427
114 428
115 429
116 430
117 431
118 432
119 433
120 434
121 435
122 436
123 437
124 438
125 439
126 440
127 441
128 442
129 443
130 444
131 445
132 446
133 447
134 448
135 449
136 450
137 451
138 452
139 453
140 454
141 455
142 455
143 455
144 455
145 455
146 456
147 456
148 457
149 457
150 457
151 457
152 457
153 457
154 457
155 457
156 457
157 457
158 457
159 457
160 457
161 457
162 457
163 457
164 457
165 457
166 456
167 455
168 454
169 453
170 454
171 454
172 454
173 454
174 454
175 454
176 454
177 454
178 454
179 453
180 454
181 454
182 453
183 452
184 451
185 450
186 449
187 448
188 447
189 446
190 445
191 444
192 443
193 443
194 444
195 444
196 443
197 442
198 442
199 441
200 441
201 440
202 439
203 438
204 437
205 436
206 435
207 434
208 433
209 432
210 431
211 430
212 429
213 428
214 427
215 426
216 425
217 424
218 423
219 422
220 421
221 420
222 419
223 418
224 417
225 416
226 415
227 414
228 413
229 412
230 411
231 410
232 409
233 408
234 407
235 406
236 405
237 404
238 403
239 402
240 401
241 400
242 399
243 398
244 397
245 396
246 395
247 394
248 393
249 392
250 391
251 390
252 389
253 388
254 387
255 386
256 385
257 384
258 383
259 382
260 381
261 380
262 379
263 378
264 377
265 376
266 375
267 374
268 373
269 372
270 371
271 370
272 369
273 368
274 367
275 366
276 365
277 364
278 363
279 362
280 361
281 360
282 359
283 358
284 357
285 356
286 355
287 354
288 353
289 352
290 351
291 350
292 349
293 348
294 347
295 346
296 345
297 344
298 343
299 344
300 345
301 346
302 347
303 348
304 349
305 350
306 350
307 350
308 350
309 350
310 350
311 349
312 349
313 348
314 348
315 348
316 347
317 346
318 345
319 344
320 343
321 342
322 341
323 341
324 341
325 341
326 342
327 342
328 342
329 341
329 340
329 339
329 338
330 337
331 336
332 335
333 334
334 333
335 332
336 331
336 330
336 329
337 328
336 327
336 326
336 325
335 324
335 323
335 322
335 321
334 320
334 319
333 318
332 317
331 316
330 315
330 314
331 313
332 312
333 311
334 310
335 309
335 308
335 307
335 306
335 305
335 304
335 303
336 302
337 301
338 300
339 299
340 298
341 297
342 296
343 295
344 294
345 293
346 292
347 291
348 290
349 289
350 288
351 287
352 286
353 285
354 284
355 283
356 282
357 281
358 280
359 279
360 278
361 277
362 276
363 275
364 274
365 273
366 272
367 271
368 270
369 269
370 268
371 267
372 266
373 265
374 264
375 263
376 262
377 261
378 260
379 259
380 258
381 257
382 256
383 255
384 254
385 253
386 252
387 251
388 250
389 250
390 251
391 252
392 253
393 254
394 255
395 255
396 255
397 254
398 254
399 255
400 256
401 257
402 258
403 259
404 260
405 261
406 262
407 263
408 264
409 265
410 266
411 267
412 268
413 269
414 270
415 271
416 272
417 273
418 274
419 275
420 276
421 277
422 278
423 279
424 280
425 281
426 282
427 283
428 284
429 285
430 286
431 287
432 288
433 289
434 290
435 291
436 292
437 293
438 294
439 295
439 296
440 297
441 298
442 299
441 300
440 301
440 302
439 303
440 304
440 305
441 306
441 307
442 308
443 309
442 310
442 311
442 312
441 313
441 314
441 315
441 316
441 317
441 318
441 319
440 320
440 321
441 322
440 323
440 324
439 325
439 326
439 327
440 328
440 329
441 330
441 331
441 332
441 333
441 334
441 335
441 336
441 337
442 338
443 339
444 340
445 341
446 342
447 343
447 344
448 345
449 346
449 347
449 348
449 349
449 350
450 351
451 352
451 353
451 354
451 355
451 356
451 357
452 358
451 359
451 360
451 361
450 362
450 363
449 364
448 365
447 366
447 367
446 368
445 369
445 370
445 371
445 372
445 373
445 374
444 375
443 376
443 377
442 378
441 377
440 378
439 379
438 380
437 381
436 382
435 383
434 384
433 385
432 386
431 387
430 388
429 389
428 390
427 391
426 392
425 393
424 394
423 395
422 396
421 397
420 398
419 399
418 400
417 401
416 402
415 403
414 404
413 405
412 406
411 407
410 408
409 409
408 410
407 411
406 412
405 413
404 414
403 415
402 416
401 417
400 418
399 419
398 420
397 421
396 422
395 423
394 424
393 425
392 426
391 427
390 428
389 429
388 430
387 431
386 432
385 433
384 434
383 435
382 436
381 437
380 438
379 439
378 440
377 441
376 442
375 443
374 444
373 445
374 446
375 447
376 448
377 449
378 450
379 451
380 452
381 453
382 454
383 455
383 456
383 457
383 458
383 459
383 460
383 461
383 462
383 463
383 464
383 465
383 466
383 467
383 468
383 469
383 470
383 471
383 472
383 473
383 474
383 475
383 476
383 477
383 478
383 479
383 480
383 481
383 482
383 483
383 484
383 485
383 486
383 487
383 488
383 489
383 490
384 491
385 492
386 493
387 494
388 495
389 496
390 497
391 498
392 499
