0 290
1 289
2 288
3 287
4 286
5 285
6 284
7 283
8 282
9 281
10 281
11 281
12 281
13 281
14 281
15 281
16 281
17 281
18 281
19 281
20 281
21 281
22 281
23 281
24 281
25 281
26 281
27 281
28 281
29 281
30 281
31 281
32 281
33 281
34 281
35 281
36 281
37 281
38 281
39 281
40 281
41 280
42 279
43 278
44 279
45 280
46 281
47 282
48 283
49 284
50 285
51 286
52 287
53 288
54 289
55 290
56 291
57 292
58 293
59 294
60 295
61 296
62 297
63 298
64 299
65 300
66 301
67 302
68 303
69 304
70 305
71 306
72 307
73 308
74 309
75 310
76 311
77 312
78 313
79 314
80 315
81 316
82 317
83 318
84 319
85 320
86 321
87 322
88 323
89 324
90 325
91 326
92 327
93 328
94 329
95 330
96 331
97 332
98 333
99 334
100 335
101 336
102 337
103 338
104 339
105 340
106 341
107 342
108 343
109 344
110 345
111 346
112 347
113 348
114 349
115 350
116 351
117 352
118 353
119 354
120 355
121 356
122 357
123 358
124 359
125 359
126 360
127 361
128 362
129 363
130 363
131 363
132 364
133 365
134 366
135 367
136 367
137 368
138 369
139 369
140 369
141 369
142 369
143 368
144 368
145 368
146 369
147 370
148 371
149 372
150 372
151 373
152 374
153 375
154 376
155 377
156 378
157 379
158 380
159 381
160 382
161 383
162 384
163 385
164 386
165 387
166 388
167 389
168 390
169 391
170 392
171 393
172 394
173 395
174 396
175 397
176 398
177 399
178 400
179 401
180 401
181 402
182 403
183 403
184 404
185 405
186 404
187 404
188 403
189 404
190 404
191 403
192 403
193 403
194 403
195 402
196 402
197 402
198 401
199 401
200 400
201 399
202 398
203 397
204 396
205 395
206 394
207 393
208 392
209 391
210 390
211 389
212 389
213 390
214 390
215 389
216 388
217 387
218 386
219 385
220 384
221 383
222 382
223 381
224 380
225 379
226 378
227 377
228 376
229 375
230 374
231 373
232 372
233 371
234 370
235 369
236 368
237 367
238 367
239 366
240 365
241 364
242 363
243 363
244 363
245 362
246 361
247 360
248 359
249 359
250 359
251 358
252 358
253 358
254 357
255 356
255 355
256 354
257 353
258 352
259 351
260 350
261 349
262 348
263 347
264 346
265 345
266 344
267 343
268 342
269 341
270 340
271 339
272 338
273 337
274 336
275 335
276 334
277 333
278 332
279 331
280 330
281 329
282 328
283 327
284 326
285 325
286 324
287 323
288 322
289 321
290 320
290 319
291 318
291 317
291 316
292 315
293 314
294 313
294 312
294 311
294 310
294 309
293 308
292 307
292 306
291 305
291 304
291 303
292 302
293 301
293 300
293 299
292 298
292 297
292 296
292 295
291 294
291 293
291 292
291 291
292 290
292 289
291 288
291 287
291 286
291 285
291 284
290 283
290 282
290 281
290 280
290 279
290 278
289 277
288 276
287 275
286 274
285 273
284 272
283 271
282 270
281 269
280 268
280 267
280 266
279 265
278 264
277 263
276 262
275 261
274 260
274 259
273 258
273 257
272 256
272 255
273 254
274 253
275 252
276 251
277 250
278 249
279 248
280 247
281 246
282 245
283 244
284 243
285 242
286 241
287 240
288 239
289 238
290 237
291 236
292 235
291 234
291 233
292 232
293 231
294 230
295 229
296 228
297 227
298 226
299 225
300 224
301 223
302 222
302 221
303 220
303 219
303 218
303 217
303 216
302 215
302 214
303 213
303 212
303 211
303 210
302 209
301 208
300 207
299 206
298 205
297 204
298 203
299 202
300 201
301 200
302 199
303 198
304 197
305 196
306 195
307 194
308 193
309 192
310 191
311 190
312 189
313 188
314 187
315 186
316 185
317 184
318 183
319 182
320 181
321 180
322 179
323 178
324 177
325 176
326 175
327 174
328 173
329 172
330 171
331 170
332 169
333 168
334 167
335 166
336 165
337 164
338 163
339 162
340 161
341 160
342 159
343 158
344 157
345 156
346 155
347 154
348 153
349 152
350 151
351 150
352 149
353 148
354 147
355 146
356 145
357 144
358 143
359 142
360 141
361 140
362 139
363 138
364 137
365 136
366 135
367 134
368 133
369 132
370 131
371 130
372 129
373 128
374 127
375 126
376 125
377 124
378 123
379 123
380 123
381 123
382 123
383 124
384 124
385 123
386 123
387 122
388 122
389 123
390 123
391 124
392 124
393 123
394 123
395 124
396 124
397 123
398 123
399 123
400 123
401 122
402 123
403 122
404 122
405 121
406 120
407 119
408 118
409 117
410 117
411 116
412 117
413 116
414 116
415 115
415 114
414 113
414 112
414 111
415 110
416 109
416 108
417 107
417 106
418 105
419 104
420 103
421 102
422 101
422 100
422 99
422 98
422 97
422 96
422 95
422 94
422 93
422 92
423 91
424 90
424 89
425 88
425 87
425 86
425 85
425 84
425 83
424 82
424 81
423 80
422 79
421 78
420 77
419 76
418 75
417 74
416 73
415 72
414 71
413 70
412 69
411 68
410 67
409 66
408 65
407 64
406 63
405 62
404 61
403 60
402 59
401 58
400 57
399 56
398 55
397 54
396 53
395 52
394 51
393 50
392 49
391 48
390 47
389 46
388 45
387 44
386 43
385 42
384 41
384 40
385 39
386 38
387 37
388 36
389 35
390 34
390 33
391 32
391 31
390 30
390 29
389 28
389 27
390 26
391 25
392 24
392 23
392 22
392 21
392 20
392 19
392 18
392 17
392 16
392 15
392 14
392 13
392 12
392 11
392 10
392 9
393 8
394 7
395 6
396 5
397 4
398 3
399 2
400 1
401 0
