0 135
1 136
2 137
3 138
4 139
5 140
6 141
7 142
8 141
9 140
10 139
11 138
12 138
13 139
14 139
15 140
16 141
17 142
18 143
19 144
20 144
21 144
22 143
23 143
24 143
25 143
26 142
27 141
28 141
29 141
30 141
31 141
32 141
33 141
34 141
35 142
36 143
37 144
38 144
39 144
40 144
41 143
42 144
43 144
44 144
45 145
46 146
47 147
48 148
49 149
50 150
51 151
52 152
53 153
54 154
55 155
56 156
57 157
58 158
59 159
60 160
61 161
62 162
63 163
64 164
65 165
66 166
67 167
68 168
69 169
70 170
71 171
72 172
73 173
74 174
75 175
76 176
77 177
78 178
79 179
80 180
81 181
82 182
83 183
84 184
85 185
86 186
87 187
88 188
89 189
90 190
91 191
92 192
93 193
94 194
95 195
96 196
97 197
98 198
99 199
100 200
101 201
102 202
103 203
104 204
105 205
106 206
107 207
108 208
109 209
110 210
111 211
112 212
113 213
114 214
115 215
116 216
117 217
118 218
119 219
120 220
121 221
122 222
123 223
124 224
125 225
126 226
127 227
128 228
129 229
130 230
131 231
132 232
133 233
134 234
135 233
136 234
137 235
138 236
139 237
140 238
141 239
142 240
143 241
144 242
145 243
146 242
147 243
148 244
149 245
150 246
151 247
152 248
153 249
154 250
155 251
156 252
157 253
158 254
159 254
160 255
161 256
162 257
163 258
164 259
165 260
166 261
167 261
168 261
169 261
170 262
171 263
172 263
173 263
174 264
175 263
176 262
177 262
178 263
179 262
180 262
181 263
182 264
183 264
184 265
185 266
186 267
187 266
188 267
189 268
190 269
191 270
192 271
193 272
194 273
195 273
196 274
197 275
198 276
199 277
200 278
201 279
202 280
203 281
204 282
205 283
206 284
207 283
208 284
209 285
210 286
211 287
212 288
213 289
214 290
215 291
216 292
217 293
218 294
219 295
220 296
221 297
222 298
223 299
224 300
225 301
226 301
227 302
228 303
229 304
230 305
231 304
232 305
233 306
234 307
235 308
236 309
237 310
238 311
239 312
240 313
241 313
242 314
243 315
244 316
245 317
246 318
247 319
248 320
249 321
250 322
251 323
252 324
253 324
254 325
255 326
256 327
257 328
258 329
259 330
260 331
261 332
262 333
263 334
264 335
265 336
266 336
267 337
268 338
269 339
270 340
271 341
272 342
273 343
274 344
275 345
276 346
277 347
278 348
279 349
280 350
281 351
282 352
283 353
284 354
285 355
286 356
287 357
288 358
289 359
290 360
291 361
292 362
293 363
294 364
295 365
296 366
297 365
298 366
299 367
300 368
301 369
302 370
303 371
304 372
305 373
306 374
307 375
308 376
309 377
310 377
311 378
312 379
313 380
314 381
315 380
316 379
317 380
318 381
319 380
320 380
321 379
322 380
323 381
324 380
325 381
326 381
327 382
328 383
329 382
330 383
331 382
332 381
333 380
334 379
335 380
336 380
337 380
338 381
339 382
340 382
341 383
342 383
343 382
344 383
345 383
346 382
347 382
348 383
349 382
350 381
351 381
352 382
353 382
354 381
355 380
356 381
357 380
358 380
359 380
360 379
361 380
362 379
363 380
364 380
365 381
366 380
367 379
368 378
369 377
370 376
371 375
372 376
373 377
374 377
375 377
376 378
377 378
378 379
379 380
380 381
381 382
382 383
383 384
384 385
385 386
386 386
387 385
388 386
389 387
390 388
391 389
392 390
393 391
394 392
395 393
396 392
397 393
398 394
399 395
400 396
401 397
402 398
403 399
404 400
405 400
406 401
407 401
408 402
409 402
410 403
410 404
411 405
412 406
413 407
414 408
415 409
416 410
417 411
418 412
419 413
420 414
421 415
422 416
423 417
424 418
425 419
426 420
427 421
426 422
426 423
427 424
428 425
429 426
430 427
429 428
428 429
429 430
430 431
431 432
432 433
433 434
434 435
435 436
434 437
435 438
434 439
433 440
432 441
433 442
433 443
434 444
435 445
435 446
436 447
436 448
435 449
435 450
434 451
434 452
433 453
432 454
431 455
430 456
429 457
428 458
427 459
428 460
429 461
430 462
430 463
429 464
428 465
429 466
428 467
429 468
430 469
429 470
430 471
429 472
430 473
431 474
432 475
431 476
430 477
429 478
428 479
427 480
426 481
426 482
427 483
426 484
427 485
427 486
426 487
427 488
428 489
429 490
430 491
430 492
430 493
431 494
432 495
433 496
433 497
434 498
433 499
