0 290
1 291
2 292
3 293
4 294
5 295
6 296
7 297
8 296
9 295
10 294
11 293
12 293
13 293
14 293
15 293
16 293
17 293
18 293
19 293
20 293
21 293
22 293
23 293
24 293
25 293
26 293
27 292
28 291
29 291
30 291
31 291
32 292
33 292
34 292
35 293
36 293
37 294
38 295
39 296
40 297
41 298
42 299
43 300
44 300
45 301
46 302
47 303
48 304
49 305
50 306
51 307
52 308
53 309
54 310
55 311
56 312
57 313
58 314
59 315
60 316
61 317
62 318
63 319
64 320
65 321
66 322
67 323
68 324
69 325
70 326
71 327
72 328
73 329
74 330
75 331
76 332
77 333
78 334
79 335
80 336
81 337
82 338
83 339
84 340
85 341
86 342
87 343
88 344
89 345
90 346
91 347
92 348
93 349
94 350
95 351
96 352
97 353
98 354
99 355
100 356
101 357
102 358
103 359
104 360
105 361
106 362
107 363
108 364
109 365
110 366
111 367
112 368
113 369
114 370
115 369
116 369
117 369
118 370
119 371
120 372
121 371
122 372
123 373
124 374
125 375
126 376
127 377
128 378
129 379
130 378
131 378
132 378
133 378
134 378
135 378
136 378
137 377
138 377
139 378
140 379
141 378
142 379
143 380
144 381
145 380
146 379
147 378
148 379
149 378
150 379
151 380
152 381
153 382
154 383
155 382
156 383
157 384
158 385
159 386
160 387
161 388
162 389
163 390
164 391
165 392
166 393
167 393
168 392
169 393
170 394
171 395
172 396
173 396
174 397
175 398
176 399
177 400
178 400
179 401
180 402
181 403
182 404
183 403
184 404
185 405
186 404
187 404
188 404
189 405
190 405
191 404
192 403
193 403
194 403
195 402
196 403
197 402
198 401
199 401
200 400
201 399
202 398
203 397
204 396
205 395
206 394
207 393
208 392
209 391
210 391
211 391
212 390
213 390
214 390
215 389
216 388
217 387
218 386
219 385
220 384
221 383
222 382
223 381
224 380
225 379
226 378
227 377
228 376
229 375
230 374
231 373
232 372
233 371
234 370
235 370
236 369
237 368
238 367
239 366
240 365
241 364
242 363
243 363
244 364
245 365
246 364
247 363
248 363
249 362
250 361
251 360
252 359
253 358
254 357
255 356
256 355
257 354
258 353
259 352
260 351
261 350
262 349
263 348
264 347
265 346
266 345
267 344
268 343
269 342
270 341
271 340
272 339
273 338
274 337
275 336
276 335
277 334
278 333
279 332
280 331
281 330
282 329
283 328
284 327
285 326
285 325
286 324
287 323
288 322
289 321
290 320
291 319
292 318
293 317
293 316
294 315
294 314
295 313
294 312
295 311
296 310
295 309
294 308
294 307
293 306
294 305
294 304
294 303
293 302
294 301
295 300
295 299
296 298
295 297
296 296
295 295
294 294
295 293
294 292
294 291
293 290
294 289
293 288
292 287
293 286
294 285
295 284
296 283
297 282
298 281
297 280
296 279
295 278
294 277
293 276
292 275
292 274
292 273
293 272
294 271
295 270
296 269
297 268
298 267
299 266
300 265
301 264
302 263
301 262
300 261
299 260
298 259
297 258
298 257
299 256
300 255
299 254
298 253
297 252
298 251
297 250
298 249
299 248
300 247
301 246
302 245
302 244
303 243
304 242
304 241
303 240
302 239
301 238
302 237
301 236
302 235
301 234
302 233
303 232
303 231
303 230
304 229
303 228
304 227
304 226
305 225
305 224
304 223
304 222
305 221
306 220
307 219
308 218
309 217
309 216
310 215
311 214
312 213
312 212
311 211
312 210
313 209
312 208
311 207
312 206
313 205
314 204
313 203
314 202
315 201
316 200
317 199
318 198
318 197
319 196
318 195
319 194
320 193
321 192
322 191
323 190
324 189
325 188
326 187
327 186
328 185
327 184
328 183
329 182
330 181
331 180
332 179
333 178
334 177
335 176
335 175
336 174
337 173
337 172
338 171
339 170
340 169
341 168
342 167
343 166
344 165
343 164
344 163
343 162
342 161
343 160
344 159
344 158
345 157
346 156
347 155
348 154
349 153
349 152
350 151
351 150
352 150
353 149
354 149
355 149
356 149
357 148
358 147
359 146
360 145
361 144
362 143
363 142
364 141
365 140
366 139
367 138
368 139
369 138
370 138
371 137
372 136
373 135
374 134
375 133
376 132
377 131
378 132
379 133
380 133
381 134
382 135
383 136
384 136
385 135
386 136
387 137
388 137
389 136
390 135
391 134
392 134
393 133
394 132
395 131
396 131
397 130
398 129
399 128
400 128
401 127
402 126
403 125
404 124
405 123
406 122
407 121
408 121
409 120
410 119
411 118
412 117
413 116
414 116
415 115
416 114
417 113
418 112
419 111
420 110
421 109
420 108
421 107
422 106
423 105
423 104
422 103
423 102
422 101
423 100
424 99
425 98
426 97
427 96
428 95
429 94
430 93
429 92
428 91
427 90
428 89
427 88
427 87
426 86
425 85
426 84
426 83
425 82
424 81
423 80
422 79
421 78
420 77
419 76
418 75
417 74
416 73
415 72
414 71
413 70
412 69
411 68
410 67
409 66
408 65
407 64
406 63
405 62
404 61
403 60
402 59
401 58
400 57
399 56
398 55
397 54
396 53
395 52
394 51
395 50
396 49
397 48
397 47
398 46
399 45
398 44
397 43
398 42
399 41
400 40
400 39
399 38
400 37
399 36
398 35
399 34
399 33
399 32
398 31
397 30
396 29
397 28
396 27
397 26
398 25
397 24
396 23
395 22
395 21
394 20
393 19
392 18
393 17
392 16
392 15
392 14
393 13
394 12
395 11
396 10
397 9
398 8
399 7
400 6
399 5
400 4
400 3
401 2
402 1
401 0
