406 0
405 1
404 2
403 3
402 4
403 5
402 6
401 7
400 8
399 9
399 10
400 11
399 12
398 13
398 14
398 15
398 16
398 17
398 18
398 19
398 20
398 21
398 22
398 23
397 24
396 25
395 26
395 27
394 28
393 29
392 30
391 29
390 30
389 29
388 28
387 29
386 30
385 31
384 30
383 29
382 28
381 28
380 29
379 30
378 31
377 31
376 32
375 33
374 34
373 35
372 34
371 35
370 36
369 37
368 38
367 39
366 39
365 40
364 41
363 42
362 41
361 40
360 39
359 38
358 37
357 37
356 37
355 37
354 38
353 37
352 36
351 35
350 36
349 36
348 35
347 35
346 35
345 35
344 35
343 34
342 33
341 32
340 33
339 33
338 32
337 33
336 33
335 32
334 32
333 31
332 32
331 31
330 32
329 31
328 30
327 31
326 32
325 32
324 32
323 32
322 31
321 31
320 30
319 31
318 31
317 31
316 31
315 32
314 32
313 33
312 34
311 33
310 32
309 31
308 30
307 31
306 32
305 33
304 34
303 35
302 35
301 34
300 35
299 36
298 36
297 35
296 36
295 35
294 34
293 35
292 35
291 36
290 35
289 34
288 33
287 34
286 35
285 36
284 37
283 37
282 36
281 37
280 37
279 36
278 35
277 36
276 37
275 37
274 38
273 37
272 36
271 35
270 34
269 33
268 32
267 33
266 34
265 33
264 32
263 32
262 32
261 31
260 32
259 33
258 34
257 35
256 35
255 36
254 37
253 38
252 39
251 40
250 41
249 42
248 43
247 43
246 42
245 41
244 40
243 39
242 38
241 39
240 40
239 41
238 42
237 43
236 44
235 44
234 43
233 43
232 44
231 45
230 44
229 43
228 42
227 41
226 41
225 40
224 41
223 41
222 42
221 42
220 42
219 43
218 44
217 43
216 42
215 41
214 41
213 42
212 43
211 44
210 44
209 43
208 44
207 45
206 46
205 47
204 48
203 49
202 50
201 51
200 52
199 52
198 53
197 52
196 52
195 53
194 54
193 55
192 56
191 57
190 58
189 59
188 60
187 61
186 62
185 63
184 64
183 65
182 66
181 67
180 68
179 69
178 70
177 71
176 72
175 73
174 74
173 75
172 76
171 77
170 78
169 79
168 80
167 81
166 82
165 83
164 84
163 85
162 86
161 87
160 88
159 89
158 90
157 91
156 92
155 93
154 94
153 95
152 96
151 97
150 98
149 99
148 100
147 101
146 102
145 103
144 104
143 105
142 106
141 107
140 108
139 109
138 110
137 111
136 112
135 113
134 114
133 115
132 116
131 117
130 118
129 119
128 120
127 121
126 122
125 123
124 124
123 125
122 126
121 127
120 128
119 129
118 130
117 131
116 132
115 133
114 134
113 135
112 136
111 137
110 138
109 139
108 140
107 141
106 142
105 143
104 144
103 145
102 146
101 147
100 148
99 149
98 150
97 151
96 152
95 153
94 154
93 155
92 156
91 157
90 158
89 159
88 160
87 161
86 162
85 163
86 164
87 165
88 166
89 167
88 168
87 169
88 170
88 171
88 172
87 173
86 174
86 175
87 176
88 177
89 178
89 179
89 180
89 181
89 182
89 183
89 184
89 185
90 186
90 187
90 188
89 189
88 190
88 191
87 192
86 193
86 194
86 195
85 196
84 197
84 198
83 199
82 200
81 201
80 202
79 203
78 204
77 205
76 206
75 207
74 208
73 209
72 210
71 211
70 212
69 213
68 214
67 215
66 216
65 217
64 218
63 219
62 220
61 221
60 222
59 223
58 224
57 225
56 226
55 227
54 228
53 229
52 230
51 231
50 232
49 233
48 234
47 235
46 236
45 237
44 238
43 239
42 240
41 241
40 242
39 243
38 244
37 245
36 246
35 247
34 248
33 249
32 250
31 251
32 252
33 253
34 254
35 255
36 256
35 257
35 258
34 259
33 260
32 261
32 262
33 263
32 264
33 265
34 266
33 267
32 268
33 269
34 270
35 271
36 272
36 273
37 274
38 275
38 276
37 277
37 278
37 279
37 280
36 281
37 282
37 283
36 284
37 285
38 286
37 287
37 288
36 289
36 290
37 291
38 292
39 293
40 294
41 295
42 296
43 297
44 298
43 299
44 300
45 301
46 302
47 303
48 304
49 305
48 306
47 307
46 308
47 309
46 310
47 311
47 312
47 313
46 314
46 315
45 316
44 317
43 318
42 319
41 320
40 321
39 322
39 323
38 324
39 325
40 326
39 327
38 328
37 329
36 330
35 331
34 332
33 333
33 334
32 335
31 336
30 337
29 338
29 339
30 340
31 341
32 342
31 343
32 344
33 345
34 346
34 347
35 348
36 349
37 350
36 351
37 352
38 353
39 354
38 355
37 356
36 357
35 358
34 359
33 360
32 361
31 362
31 363
30 364
29 365
28 366
29 367
29 368
30 369
31 370
31 371
30 372
30 373
29 374
28 375
29 376
30 377
29 378
28 379
29 380
28 381
29 382
29 383
28 384
29 385
30 386
31 387
32 388
33 389
34 390
35 391
36 392
35 393
35 394
36 395
36 396
37 397
38 398
39 399
40 400
41 401
42 402
42 403
43 404
43 405
42 406
41 407
40 408
39 409
40 410
39 411
38 412
38 413
37 414
37 415
37 416
38 417
39 418
40 419
41 420
42 421
43 422
44 423
45 424
46 425
47 426
48 427
48 428
47 429
46 430
45 431
44 432
43 433
44 434
43 435
42 436
43 437
42 438
41 439
40 440
41 441
42 442
43 443
44 444
45 445
46 446
45 447
44 448
43 449
42 450
41 451
42 452
42 453
43 454
42 455
42 456
43 457
44 458
45 459
46 460
47 461
48 462
49 463
49 464
50 465
51 466
52 467
53 468
53 469
52 470
51 471
52 472
53 473
54 474
55 475
56 476
57 477
57 478
57 479
57 480
57 481
56 482
57 483
57 484
57 485
56 486
55 487
54 488
54 489
55 490
54 491
53 492
53 493
52 494
53 495
54 496
55 497
54 498
55 499
