114 0
113 1
112 2
111 3
110 4
111 5
110 6
109 7
108 8
107 9
107 10
106 11
106 12
105 13
105 14
104 15
104 16
105 17
104 18
103 19
102 20
101 21
100 22
99 23
98 24
97 25
96 26
95 27
94 28
93 29
92 30
91 31
90 32
89 33
88 34
87 35
86 36
85 37
84 38
84 39
83 40
84 41
83 42
82 43
82 44
83 45
84 46
85 47
86 48
87 49
88 50
89 51
90 52
91 53
91 54
91 55
92 56
91 57
90 58
91 59
91 60
92 61
92 62
93 63
94 64
95 65
94 66
94 67
94 68
93 69
92 70
91 71
90 72
91 73
91 74
92 75
92 76
91 77
91 78
90 79
89 80
89 81
89 82
90 83
89 84
88 85
87 86
87 87
88 88
89 89
90 90
90 91
89 92
88 93
89 94
90 95
90 96
91 97
90 98
89 99
88 100
87 101
86 102
85 103
84 104
83 105
82 106
81 107
81 108
82 109
82 110
81 111
81 112
80 113
79 114
78 115
77 116
76 117
76 118
75 119
76 120
75 121
75 122
74 123
73 124
72 125
71 126
70 127
69 128
68 129
67 130
66 131
65 132
64 133
63 134
62 135
61 136
60 137
59 138
58 139
57 140
56 141
55 142
54 143
53 144
52 145
51 146
50 147
49 148
48 149
47 150
46 151
45 152
44 153
43 154
42 155
41 156
41 157
40 158
39 159
38 160
38 161
37 162
37 163
36 164
35 165
36 166
37 167
38 168
39 169
40 170
41 171
42 172
42 173
41 174
40 175
41 176
42 177
43 178
44 179
43 180
44 181
43 182
43 183
44 184
45 185
46 186
47 187
48 188
47 189
46 190
45 191
44 192
45 193
44 194
43 195
42 196
41 197
42 198
43 199
44 200
45 201
46 202
45 203
44 204
44 205
45 206
46 207
47 208
48 209
47 210
46 211
47 212
47 213
47 214
47 215
48 216
47 217
48 218
49 219
50 220
50 221
51 222
50 223
51 224
52 225
53 226
54 227
55 228
56 229
55 230
54 231
55 232
56 233
57 234
58 235
59 236
60 237
61 238
62 239
63 240
64 241
65 242
66 243
67 244
68 245
69 246
70 247
71 248
71 249
72 250
73 251
74 252
75 253
76 254
77 255
76 256
75 257
74 258
73 259
72 260
71 261
70 262
70 263
70 264
71 265
72 266
72 267
73 268
74 269
75 270
76 271
77 272
78 273
79 274
80 275
81 276
82 277
83 278
83 279
84 280
85 281
86 282
87 283
88 284
89 285
90 286
90 287
90 288
90 289
90 290
91 291
92 292
93 293
94 294
95 295
95 296
96 297
97 298
98 299
98 300
97 301
98 302
99 303
100 304
99 305
98 306
97 307
98 308
98 309
97 310
98 311
97 312
98 313
99 314
99 315
99 316
100 317
101 318
101 319
100 320
99 321
98 322
98 323
99 324
99 325
98 326
98 327
97 328
98 329
97 330
96 331
95 332
95 333
96 334
96 335
95 336
94 337
93 338
92 339
91 340
90 341
89 342
88 343
87 344
86 345
85 346
84 347
83 348
82 349
81 350
82 351
83 352
83 353
84 354
85 355
86 356
86 357
87 358
88 359
89 360
89 361
89 362
90 363
89 364
89 365
90 366
91 367
92 368
93 369
92 370
92 371
92 372
93 373
92 374
93 375
94 376
95 377
96 378
95 379
96 380
97 381
98 382
99 383
100 384
101 385
102 386
103 387
104 388
105 389
106 390
107 391
108 392
109 393
110 394
111 395
112 396
113 397
114 398
115 399
116 400
117 401
118 402
119 403
120 404
121 405
122 406
123 407
124 408
125 409
126 410
127 411
126 412
125 413
126 414
127 415
128 416
129 417
130 418
131 419
132 420
131 421
130 422
129 423
130 424
131 425
132 426
132 427
132 428
132 429
132 430
132 431
131 432
132 433
133 434
133 435
132 436
132 437
131 438
131 439
132 440
133 441
133 442
134 443
135 444
136 445
137 446
136 447
137 448
138 449
138 450
138 451
139 452
140 453
140 454
141 455
142 456
143 457
144 458
145 459
146 460
147 461
148 462
149 462
150 463
151 464
152 464
153 463
154 462
155 461
156 460
157 461
158 462
159 461
160 462
161 463
162 462
163 462
164 461
165 460
166 461
167 461
168 460
169 459
170 458
171 458
172 457
173 457
174 456
175 456
176 456
177 457
178 457
179 456
180 455
181 454
182 453
183 452
184 451
185 450
186 449
187 448
188 447
189 446
190 445
191 444
192 443
193 444
194 444
195 444
196 443
197 442
198 442
199 442
200 441
201 440
202 439
203 438
204 437
205 436
206 435
207 434
208 433
209 432
210 431
211 430
212 429
213 428
214 427
215 426
216 425
217 424
218 423
219 422
220 421
221 420
222 419
223 418
224 417
225 416
226 415
227 414
228 413
229 412
230 411
231 410
232 409
233 408
234 407
235 406
236 405
237 404
238 403
239 402
240 401
241 400
242 399
243 398
244 397
245 396
246 395
247 394
248 393
249 392
250 391
251 390
252 389
253 388
254 387
255 386
256 385
257 384
258 383
259 382
260 381
261 380
262 379
263 378
264 377
265 376
266 375
267 374
268 373
269 372
270 371
271 370
272 369
273 368
274 367
275 366
276 365
277 364
278 363
279 362
280 361
281 360
282 359
283 358
284 357
285 356
286 355
287 354
288 354
289 354
290 353
291 353
292 352
293 351
294 352
295 352
296 353
297 354
298 355
299 356
300 357
301 358
302 357
303 356
304 356
305 355
306 354
307 353
308 352
309 351
310 350
311 349
312 350
313 350
314 349
315 349
316 348
317 347
318 346
319 345
320 345
321 344
322 343
323 342
324 341
325 342
326 343
327 343
328 342
329 341
330 340
331 339
331 338
332 337
333 336
334 335
335 334
336 333
337 332
338 331
339 330
340 329
340 328
339 327
338 326
337 325
336 324
335 323
335 322
336 321
337 320
338 319
339 318
338 317
339 316
340 315
341 314
342 313
343 312
343 311
342 310
341 309
340 308
340 307
341 306
342 305
342 304
341 303
342 302
342 301
343 300
344 299
345 298
346 297
347 296
348 295
347 294
348 293
349 292
350 291
351 290
351 289
351 288
352 287
353 286
354 285
354 284
355 283
356 282
357 281
358 280
359 279
360 278
361 277
362 276
363 275
364 274
365 273
366 272
367 271
368 270
369 269
370 268
371 267
372 266
373 265
374 264
375 263
376 262
377 261
378 260
379 259
380 258
381 257
382 256
383 255
384 256
385 257
386 258
387 259
388 259
389 260
390 261
391 262
392 263
393 263
394 264
395 265
396 264
397 265
398 266
399 267
400 268
401 269
402 270
403 271
404 272
405 273
406 274
407 275
408 276
409 277
410 278
411 278
412 277
413 276
414 277
415 278
416 279
417 280
418 281
419 282
420 283
421 284
422 285
423 286
424 285
425 286
426 287
427 288
428 288
429 289
430 289
431 290
432 291
433 292
434 292
435 292
436 292
437 293
438 294
439 295
440 296
441 297
442 298
442 299
442 300
441 301
440 302
441 303
441 304
442 305
443 306
444 307
443 308
444 309
445 310
444 311
443 312
443 313
443 314
444 315
443 316
443 317
442 318
442 319
443 320
442 321
441 322
442 323
441 324
441 325
442 326
443 327
442 328
443 329
442 330
441 331
441 332
442 333
443 334
443 335
444 336
445 337
446 338
446 339
446 340
447 341
447 342
447 343
448 344
449 345
450 346
451 347
452 348
453 349
453 350
454 351
453 352
454 353
455 354
454 355
454 356
455 357
455 358
454 359
453 360
452 361
451 362
450 363
449 364
448 365
447 366
448 367
447 368
448 369
448 370
447 371
446 372
445 373
445 374
444 375
443 376
443 377
442 378
441 379
440 380
439 380
438 381
437 382
436 383
435 384
434 385
433 386
432 387
431 388
430 389
429 390
428 391
427 392
426 393
425 394
424 395
423 396
422 397
421 398
420 399
419 399
418 400
417 401
416 402
415 403
414 404
413 405
412 406
411 407
410 408
409 409
408 410
407 411
406 412
405 413
404 414
403 415
402 416
401 417
400 418
399 419
398 420
397 421
396 422
395 423
394 424
393 425
392 426
391 427
390 428
389 429
388 430
388 431
387 432
386 433
386 434
387 435
388 436
389 437
390 438
389 439
390 440
390 441
391 442
392 443
393 444
393 445
394 446
394 447
394 448
395 449
394 450
393 451
394 452
395 453
396 454
397 455
397 456
398 457
399 458
400 459
399 460
399 461
399 462
399 463
399 464
399 465
399 466
399 467
399 468
398 469
397 470
397 471
397 472
397 473
397 474
396 475
395 476
395 477
395 478
395 479
395 480
394 481
393 482
393 483
393 484
393 485
393 486
393 487
393 488
392 489
391 490
391 491
391 492
391 493
391 494
391 495
391 496
392 497
393 498
392 499
