382 0
381 1
380 2
379 3
378 4
377 5
377 6
377 7
377 8
377 9
377 10
377 11
377 12
377 13
377 14
377 15
377 16
377 17
377 18
377 19
376 20
375 21
374 22
373 23
372 24
371 25
370 26
369 27
368 28
367 29
366 30
365 31
364 32
363 33
362 34
361 35
360 36
359 37
358 38
357 39
356 40
355 41
354 42
353 43
352 44
351 45
350 46
349 47
348 48
347 49
346 50
345 51
344 52
343 53
342 54
341 55
340 56
339 57
339 58
340 59
341 60
342 61
343 62
344 63
345 64
346 65
346 66
345 67
344 68
344 69
344 70
344 71
344 72
344 73
344 74
344 75
345 76
345 77
346 78
347 79
347 80
348 81
349 82
350 83
350 84
351 85
352 86
353 87
354 88
354 89
354 90
355 91
356 92
356 93
357 94
358 95
359 96
360 97
361 98
361 99
362 100
361 101
360 102
360 103
361 104
361 105
361 106
360 107
360 108
360 109
361 110
361 111
362 112
362 113
361 114
361 115
361 116
361 117
361 118
361 119
361 120
361 121
361 122
361 123
361 124
360 125
360 126
361 127
361 128
360 129
361 130
360 131
360 132
359 133
359 134
358 135
358 136
359 137
358 138
359 139
360 140
360 141
360 142
361 143
362 144
363 145
363 146
363 147
362 148
361 149
360 150
360 151
360 152
360 153
360 154
359 155
358 156
357 157
356 158
355 159
354 160
353 161
352 162
351 163
350 164
349 165
348 166
348 167
348 168
347 169
346 170
345 171
345 172
346 173
346 174
346 175
346 176
346 177
347 178
347 179
347 180
347 181
347 182
347 183
348 184
348 185
348 186
347 187
346 188
346 189
346 190
346 191
345 192
344 193
344 194
345 195
346 196
347 197
347 198
348 199
349 200
350 201
351 202
351 203
351 204
351 205
352 206
352 207
352 208
352 209
352 210
352 211
352 212
352 213
352 214
352 215
352 216
352 217
351 218
351 219
350 220
349 221
348 222
349 223
349 224
349 225
348 226
347 227
346 228
346 229
345 230
344 230
343 231
342 230
341 230
340 230
339 230
338 230
337 230
336 230
335 229
334 229
333 229
332 229
331 229
330 228
329 228
328 228
327 227
326 227
325 227
324 227
323 228
322 227
321 227
320 226
319 226
318 226
317 226
316 226
315 225
314 225
313 224
312 223
311 222
310 221
309 220
308 219
307 218
306 218
305 217
304 216
303 215
302 214
301 213
300 212
299 211
298 210
297 209
296 208
295 207
294 206
293 205
292 204
291 203
290 202
289 201
288 200
287 199
286 198
285 197
284 196
283 195
282 194
281 193
280 192
279 191
278 190
277 189
276 188
275 187
274 186
273 185
272 184
271 183
270 182
269 181
268 180
267 179
266 178
265 179
264 180
263 181
262 182
261 183
260 184
259 185
258 186
257 187
256 188
255 189
254 190
253 191
252 192
251 193
250 194
249 195
248 196
247 197
246 198
245 199
244 200
243 201
242 202
241 203
240 204
239 205
238 206
237 207
236 208
235 209
234 210
233 211
232 212
231 213
230 214
229 215
228 216
227 217
226 218
225 219
224 220
223 221
222 222
221 223
220 224
219 225
218 226
217 227
216 228
215 229
214 230
213 231
212 232
211 233
210 234
209 235
208 236
207 237
206 238
205 239
204 240
203 241
202 242
201 243
200 244
199 245
198 246
197 247
196 248
195 249
194 250
193 251
192 252
191 253
190 254
189 255
188 256
187 257
186 258
185 259
184 260
183 261
182 262
181 263
180 264
179 265
178 266
177 267
176 268
175 269
174 270
173 270
172 270
171 271
170 271
169 271
168 272
167 272
166 272
165 272
164 273
163 272
162 273
161 272
160 271
159 271
158 272
157 272
156 273
155 274
154 275
153 276
152 276
151 276
150 275
149 275
148 274
147 273
146 272
145 271
144 270
143 269
142 268
141 267
140 268
139 269
138 270
137 271
136 272
135 273
134 274
133 275
132 276
131 277
130 278
129 279
128 280
127 281
126 282
125 283
124 284
123 285
122 286
121 287
120 288
119 289
118 290
117 291
116 292
115 293
114 294
113 295
112 296
111 297
110 298
109 299
108 300
107 301
106 302
105 303
104 304
103 305
102 306
101 307
100 308
99 309
98 310
97 311
96 312
95 313
94 314
93 315
92 316
91 317
90 318
89 319
88 320
87 321
86 322
85 323
84 324
83 325
82 326
81 327
80 328
79 329
78 330
77 331
76 332
75 333
74 334
73 335
72 336
71 337
70 338
69 339
68 340
67 341
66 342
65 343
64 344
63 345
62 346
61 347
60 348
59 349
58 350
57 351
56 352
55 353
54 354
53 355
53 356
53 357
53 358
53 359
53 360
53 361
53 362
52 363
51 364
51 365
51 366
52 367
53 368
54 369
55 370
56 371
57 372
58 373
58 374
59 375
59 376
59 377
58 378
57 379
56 380
55 381
56 382
55 383
55 384
55 385
54 386
53 387
53 388
53 389
52 390
53 391
52 392
52 393
53 394
53 395
54 396
54 397
55 398
55 399
55 400
54 401
53 402
53 403
53 404
53 405
53 406
53 407
53 408
54 409
54 410
54 411
55 412
55 413
54 414
54 415
55 416
56 417
57 418
58 419
59 420
60 421
61 422
61 423
61 424
60 425
59 426
58 427
57 428
56 429
55 430
54 431
53 432
52 433
51 434
50 435
49 436
48 437
47 438
46 439
45 440
46 441
46 442
47 443
48 444
49 445
50 446
51 447
51 448
51 449
51 450
50 451
50 452
50 453
51 454
52 455
53 456
54 457
54 458
54 459
54 460
53 461
54 462
54 463
55 464
56 465
57 466
57 467
57 468
57 469
57 470
57 471
57 472
57 473
57 474
57 475
57 476
57 477
57 478
57 479
57 480
57 481
57 482
57 483
57 484
57 485
57 486
57 487
57 488
57 489
57 490
57 491
57 492
57 493
57 494
58 495
59 496
60 497
61 498
62 499
