140 0
141 1
142 2
143 3
142 4
142 5
143 6
143 7
144 8
145 9
146 10
146 11
146 12
146 13
146 14
146 15
146 16
146 17
146 18
145 19
144 20
144 21
144 22
144 23
144 24
143 25
142 26
143 27
144 28
145 29
146 30
147 31
148 32
148 33
149 34
149 35
149 36
148 37
149 38
149 39
149 40
149 41
149 42
150 43
151 44
152 45
153 45
154 46
155 46
156 47
157 46
158 47
159 48
160 49
161 50
162 49
163 48
164 48
165 49
166 48
167 48
168 47
169 48
170 47
171 47
172 47
173 46
174 46
175 45
176 46
177 47
178 46
179 47
180 48
181 49
182 50
183 51
184 52
185 52
186 53
187 53
188 52
189 51
190 51
191 50
192 50
193 50
194 50
195 50
196 50
197 50
198 50
199 50
200 50
201 49
202 50
203 49
204 48
205 47
206 46
207 45
208 44
209 43
210 42
211 43
212 44
213 43
214 42
215 42
216 43
217 42
218 41
219 41
220 40
221 40
222 39
223 39
224 38
225 37
226 38
227 37
228 37
229 37
230 36
231 37
232 38
233 39
234 40
235 40
236 40
237 41
238 42
239 43
240 43
241 44
242 45
243 46
244 47
245 48
246 49
247 50
248 51
249 51
250 50
251 51
252 51
253 52
254 53
255 54
256 55
257 56
258 55
259 56
260 57
261 58
262 59
263 60
264 61
265 62
266 62
267 63
268 64
269 65
270 66
271 66
272 67
273 67
274 68
275 69
276 70
277 71
278 71
279 72
280 71
281 72
282 71
283 72
284 73
285 73
286 74
287 75
288 75
289 76
290 76
291 77
292 78
293 77
294 78
295 78
296 78
297 79
298 80
299 81
300 81
301 82
302 83
303 84
304 84
305 85
306 86
307 87
308 87
309 88
310 87
311 86
312 87
313 88
314 87
315 88
316 89
317 90
318 90
319 90
320 91
321 92
322 93
323 94
324 95
325 95
326 96
327 97
328 98
329 99
330 100
331 101
332 102
333 102
334 102
335 103
336 104
337 105
338 106
339 107
340 106
341 106
342 107
343 106
344 107
345 108
346 107
347 108
348 108
349 109
350 109
351 110
352 111
353 112
354 113
355 114
356 114
357 115
357 116
358 117
359 118
360 119
359 120
360 121
361 122
361 123
362 124
363 125
363 126
363 127
363 128
364 129
363 130
364 131
365 132
366 133
365 134
364 135
365 136
365 137
364 138
363 139
363 140
362 141
361 142
362 143
361 144
360 145
359 146
358 147
359 148
359 149
359 150
358 151
357 152
356 153
355 154
354 155
353 156
352 156
351 157
350 157
349 158
348 157
347 158
346 159
345 160
344 161
343 161
342 162
341 161
340 161
339 162
338 162
337 163
336 163
335 163
334 164
333 165
332 165
331 164
330 163
329 164
328 164
327 165
326 166
325 166
324 167
323 168
322 169
321 170
320 169
319 170
318 171
317 170
316 170
315 171
314 171
313 172
312 172
311 172
310 172
309 173
308 174
307 175
306 176
305 177
304 178
303 179
302 180
301 181
300 182
299 183
298 184
297 185
296 186
295 187
294 188
293 189
292 190
291 191
290 192
289 193
288 194
287 195
286 196
285 197
284 198
283 199
282 200
281 201
280 202
279 203
278 204
277 205
276 206
275 207
274 208
273 209
272 210
271 211
270 212
269 213
268 214
267 215
266 216
265 217
264 218
263 219
262 220
263 221
264 222
265 223
266 224
267 225
266 226
267 227
268 228
269 229
270 230
271 231
272 232
273 233
273 234
274 235
275 236
276 237
277 238
278 239
279 240
280 241
281 242
282 243
283 244
283 245
283 246
282 247
283 248
284 249
285 250
284 251
285 252
286 253
285 254
284 255
283 256
284 257
284 258
285 259
284 260
283 261
284 262
285 263
286 264
287 265
288 266
289 267
290 268
291 269
292 270
293 271
294 272
295 273
296 274
297 275
298 276
299 277
300 278
301 279
302 280
303 281
304 282
305 283
306 284
307 285
308 286
309 287
308 288
309 289
310 290
311 291
312 292
313 293
313 294
314 295
314 296
313 297
313 298
312 299
311 300
312 301
313 302
314 303
313 304
314 305
314 306
314 307
313 308
313 309
314 310
315 311
316 312
317 313
318 314
319 315
319 316
320 317
321 318
321 319
322 320
321 321
322 322
323 323
324 324
325 325
326 326
327 327
327 328
328 329
329 330
328 331
328 332
327 333
328 334
327 335
328 336
329 337
329 338
330 339
329 340
330 341
331 342
330 343
330 344
331 345
330 346
329 347
330 348
331 349
332 350
333 351
333 352
332 353
331 354
330 355
330 356
331 357
330 358
329 359
329 360
328 361
328 362
329 363
330 364
331 365
331 366
332 367
333 368
334 369
334 370
334 371
335 372
336 373
337 374
336 375
337 376
338 377
337 378
336 379
335 380
334 381
333 382
332 383
331 384
331 385
330 386
329 387
330 388
329 389
328 390
327 391
326 392
325 393
324 394
323 395
322 396
321 397
320 398
319 399
318 400
317 401
316 402
315 403
314 404
313 405
312 406
311 407
310 408
309 409
308 410
307 411
306 412
305 413
304 414
303 415
302 416
301 417
300 418
299 419
298 420
297 421
296 422
295 421
294 420
293 419
292 418
291 419
290 418
289 419
288 420
287 419
286 418
285 419
284 419
283 418
282 419
281 419
280 420
279 421
278 422
277 423
276 424
275 425
274 426
273 427
272 428
271 427
270 428
269 429
268 430
267 429
266 428
265 429
264 428
263 429
262 428
261 428
260 429
259 430
258 429
257 429
256 428
255 429
254 430
253 429
252 429
251 430
250 431
249 432
248 433
247 434
246 435
245 436
244 437
243 438
242 437
241 438
240 438
239 437
238 438
237 439
236 440
235 440
234 440
233 441
232 442
231 441
230 442
229 443
228 442
227 443
226 444
225 445
224 446
223 447
222 448
221 449
220 450
219 451
218 452
217 453
216 454
215 455
214 456
213 457
212 458
211 459
210 460
209 461
208 462
207 463
206 464
205 465
204 466
203 467
203 468
202 469
202 470
201 471
201 472
200 473
199 474
200 475
200 476
201 477
202 478
201 479
202 480
203 481
203 482
202 483
203 484
202 485
203 486
203 487
204 488
203 489
204 490
205 491
204 492
203 493
203 494
204 495
204 496
203 497
202 498
202 499
