0 181
1 180
2 179
3 178
4 177
5 176
6 175
7 174
8 174
9 173
10 172
11 171
12 170
13 169
14 168
15 169
16 169
17 168
18 169
19 168
20 168
21 168
22 168
23 168
24 169
25 168
26 168
27 168
28 169
29 168
30 169
31 168
32 168
33 168
34 167
35 166
36 165
37 164
38 163
39 162
40 161
41 160
42 159
43 158
44 157
45 156
46 155
47 154
48 153
49 152
50 151
51 150
52 149
53 150
54 151
55 152
56 153
57 154
58 153
59 152
60 151
61 152
62 153
63 154
64 155
65 156
66 156
67 155
68 154
69 153
70 154
71 155
72 155
73 156
74 157
75 158
76 158
77 158
78 158
79 159
80 158
81 158
82 157
83 157
84 156
85 156
86 157
87 158
88 157
89 158
90 157
91 158
92 159
93 158
94 158
95 157
96 156
97 156
98 156
99 155
100 156
101 156
102 155
103 154
104 153
105 152
106 151
107 150
108 149
109 148
110 147
111 146
112 145
113 144
114 143
115 142
116 141
117 140
118 139
119 138
120 137
121 136
122 135
123 134
124 133
125 132
126 131
127 130
128 129
129 128
130 127
131 126
132 125
133 124
134 123
135 122
136 121
137 120
138 119
139 118
140 117
141 116
142 115
143 114
144 113
145 112
146 111
147 110
148 109
149 108
150 107
151 106
152 105
152 104
151 103
151 102
150 101
151 100
152 99
153 98
154 97
155 96
156 95
157 94
158 93
159 92
160 91
160 90
161 89
162 88
162 87
163 86
164 85
165 84
166 83
167 82
168 81
169 80
170 79
171 78
172 77
173 76
174 75
175 74
176 73
177 72
178 71
179 70
180 69
181 68
182 67
183 66
184 65
185 64
186 63
187 62
188 61
189 60
190 59
191 58
192 57
193 56
194 55
195 54
196 53
197 52
198 51
199 50
200 49
201 48
202 47
203 46
204 45
205 44
206 43
207 42
208 41
209 40
210 39
211 38
212 39
213 40
214 41
215 41
216 42
217 43
218 44
219 43
220 44
221 45
222 46
223 47
224 48
225 49
226 50
227 49
228 49
229 50
230 50
231 50
232 49
233 48
234 48
235 48
236 49
237 50
238 51
239 51
240 52
241 53
242 54
243 55
244 56
245 57
246 58
247 59
248 60
249 61
250 62
251 63
252 63
253 64
254 65
255 65
256 66
257 67
258 68
259 68
260 69
261 70
262 71
263 71
264 71
265 71
266 71
267 70
268 69
269 70
270 71
271 72
272 72
273 71
274 70
275 71
276 70
277 69
278 70
279 71
280 72
281 72
282 73
283 74
284 74
285 75
286 76
287 76
288 75
289 76
290 77
291 76
292 76
293 75
294 76
295 76
296 75
297 74
298 74
299 75
300 75
301 76
302 77
303 78
304 79
305 80
306 80
307 79
308 78
309 78
310 78
311 79
312 80
313 81
314 82
315 83
316 82
317 83
318 84
319 85
320 86
321 87
322 88
323 89
324 89
325 90
326 89
327 90
328 90
329 91
330 92
331 93
332 94
333 95
334 96
335 97
336 98
337 99
338 100
337 101
338 102
338 103
338 104
339 105
340 106
339 107
338 108
337 109
338 110
337 111
338 112
337 113
336 114
337 115
338 116
338 117
338 118
337 119
338 120
337 121
338 122
338 123
337 124
338 125
338 126
337 127
338 128
337 129
336 130
335 131
336 132
337 133
338 134
339 135
340 136
341 137
340 138
339 139
340 140
339 141
340 142
341 143
342 144
342 145
341 146
342 147
342 148
343 149
344 150
345 151
346 152
347 153
346 154
347 155
348 156
349 157
350 158
350 159
351 160
351 161
350 162
349 163
348 164
348 165
347 166
346 167
345 168
346 169
345 170
345 171
345 172
344 173
345 174
345 175
346 176
345 177
345 178
346 179
347 180
346 181
345 182
346 183
346 184
347 185
346 186
346 187
345 188
344 189
343 190
342 191
341 192
340 193
339 194
338 195
337 196
336 197
335 198
334 199
333 200
332 201
331 202
330 203
329 204
328 205
327 206
326 207
325 208
324 209
323 210
322 211
321 212
320 213
319 214
318 215
317 216
316 217
315 218
314 219
313 220
312 221
311 222
310 223
309 224
308 225
307 226
306 227
305 228
304 229
303 230
302 231
301 232
300 233
299 234
298 235
297 236
296 237
295 238
294 239
293 240
292 241
291 242
292 243
293 244
294 245
295 246
296 247
297 248
296 249
295 250
294 251
293 252
292 253
291 254
290 255
289 256
289 257
288 258
287 259
286 260
285 261
284 262
283 263
284 264
285 265
286 266
286 267
286 268
285 269
286 270
285 271
285 272
284 273
285 274
286 275
287 276
288 277
289 278
290 279
291 280
292 281
291 282
292 283
293 284
293 285
292 286
291 287
292 288
292 289
293 290
294 291
295 292
296 293
295 294
294 295
295 296
296 297
295 298
296 299
295 300
296 301
297 302
297 303
296 304
297 305
298 306
299 307
300 308
299 309
298 310
297 311
296 312
296 313
297 314
296 315
297 316
298 317
299 318
300 319
301 320
300 321
299 322
298 323
297 324
297 325
298 326
297 327
298 328
297 329
297 330
297 331
296 332
295 333
295 334
296 335
297 336
298 337
299 338
299 339
300 340
301 341
302 342
302 343
303 344
302 345
303 346
304 347
305 348
304 349
303 350
302 351
303 352
304 353
303 354
304 355
304 356
305 357
306 358
307 359
308 360
309 361
310 362
311 363
312 364
313 365
314 366
313 367
313 368
314 369
315 370
316 371
317 372
318 373
318 374
317 375
316 376
315 377
314 378
315 379
316 380
316 381
317 382
316 383
315 384
316 385
315 386
315 387
315 388
315 389
314 390
313 391
313 392
312 393
313 394
312 395
312 396
311 397
310 398
310 399
309 400
309 401
308 402
308 403
307 404
306 405
305 406
304 407
303 408
302 409
301 410
300 411
299 412
298 413
297 414
296 415
295 416
294 417
293 416
292 415
291 416
290 417
289 418
288 419
287 419
286 420
285 421
284 422
283 421
282 420
281 419
280 418
279 419
278 419
277 420
276 421
275 421
274 420
273 420
272 419
271 419
270 418
269 419
268 418
267 418
266 418
265 417
264 418
263 417
262 417
261 417
260 417
259 416
258 416
257 415
256 414
255 415
254 415
253 414
252 415
251 415
250 415
249 416
248 417
247 418
246 419
245 419
244 420
243 419
242 420
241 421
240 422
239 423
238 424
237 425
236 426
235 427
234 426
233 427
232 428
231 429
230 430
229 429
228 430
227 429
226 430
225 429
224 430
223 431
222 432
221 433
220 434
219 435
218 436
217 437
216 436
215 437
214 437
213 437
212 436
211 437
210 436
209 435
208 436
207 437
206 436
205 435
204 435
203 434
202 434
201 435
200 436
199 435
198 434
197 433
196 432
195 431
194 430
193 429
192 428
191 427
190 428
189 429
188 428
187 429
186 429
185 428
184 427
183 428
182 429
181 429
180 428
179 427
178 427
177 428
176 429
175 430
174 429
173 428
172 427
171 428
170 427
169 426
168 426
167 425
166 425
165 424
164 423
163 422
162 421
161 420
160 419
159 418
158 417
157 416
156 415
155 414
154 413
153 412
152 411
151 410
150 409
149 408
148 409
147 410
146 411
145 412
144 413
143 414
142 415
141 416
140 417
139 418
138 419
137 420
136 421
135 422
134 421
133 422
132 423
131 424
130 425
129 426
128 427
127 428
126 428
125 428
124 429
123 430
122 430
121 430
120 429
119 430
118 431
117 432
116 433
115 432
114 433
113 434
112 435
111 436
110 437
109 438
108 439
107 440
106 441
105 442
104 443
103 442
102 442
101 442
100 441
99 441
98 440
97 439
96 438
95 437
94 436
93 435
92 436
91 435
90 435
89 436
88 437
87 438
86 438
85 438
84 438
83 437
82 436
81 435
80 436
79 437
78 438
77 438
76 437
75 437
74 437
73 438
72 438
71 437
70 437
69 436
68 435
67 435
66 436
65 436
64 435
63 435
62 435
61 436
60 437
59 438
58 439
57 439
56 439
55 440
54 439
53 438
52 438
51 438
50 438
49 439
48 438
47 438
46 437
45 438
44 439
43 440
42 441
41 442
40 442
39 443
38 444
37 444
36 444
35 445
34 446
33 445
32 445
31 445
30 445
29 444
28 443
27 442
26 441
25 442
24 442
23 443
22 442
21 442
20 442
19 442
18 442
17 442
16 442
15 442
14 442
13 442
12 441
11 440
10 440
9 440
8 440
7 440
6 440
5 440
4 441
3 442
2 443
1 444
0 445
