406 0
405 1
404 2
403 3
402 4
401 5
400 6
399 7
398 8
397 9
396 10
395 11
395 12
395 13
395 14
395 15
395 16
395 17
395 18
395 19
395 20
395 21
395 22
395 23
395 24
395 25
395 26
395 27
394 28
393 28
392 28
391 28
390 28
389 28
388 28
387 29
386 28
385 28
384 28
383 28
382 28
381 28
380 29
379 30
378 30
377 31
376 31
375 32
374 31
373 32
372 32
371 33
370 34
369 35
368 36
367 37
366 38
365 37
364 37
363 37
362 36
361 36
360 37
359 36
358 36
357 36
356 37
355 37
354 37
353 36
352 36
351 35
350 34
349 34
348 34
347 35
346 35
345 34
344 34
343 34
342 33
341 32
340 32
339 32
338 32
337 32
336 32
335 32
334 32
333 31
332 31
331 31
330 31
329 30
328 29
327 28
326 28
325 28
324 28
323 28
322 28
321 28
320 28
319 28
318 28
317 28
316 28
315 28
314 28
313 28
312 28
311 28
310 28
309 28
308 28
307 28
306 28
305 27
304 26
303 26
302 26
301 25
300 25
299 25
298 25
297 25
296 26
295 26
294 26
293 27
292 27
291 28
290 29
289 28
288 28
287 28
286 28
285 28
284 28
283 28
282 28
281 28
280 29
279 29
278 30
277 31
276 31
275 32
274 33
273 33
272 32
271 31
270 31
269 32
268 32
267 32
266 32
265 31
264 30
263 30
262 30
261 30
260 31
259 32
258 32
257 33
256 34
255 33
254 33
253 32
252 32
251 33
250 33
249 33
248 33
247 33
246 32
245 32
244 33
243 33
242 33
241 33
240 33
239 32
238 32
237 31
236 31
235 30
234 30
233 30
232 30
231 31
230 32
229 33
228 34
227 35
226 36
225 36
224 36
223 37
222 36
221 37
220 38
219 39
218 38
217 39
216 38
215 37
214 37
213 37
212 38
211 39
210 40
209 40
208 41
207 41
206 42
205 43
204 44
203 45
202 46
201 47
200 48
199 49
198 50
197 51
196 52
195 53
194 54
193 55
192 56
191 57
190 58
189 59
188 60
187 61
186 62
185 63
184 64
183 65
182 66
181 67
180 68
179 69
178 70
177 71
176 72
175 73
174 74
173 75
172 76
171 77
170 78
169 79
168 80
167 81
166 82
165 83
164 84
163 85
162 86
161 87
160 88
159 89
158 90
157 91
156 92
155 93
154 94
153 95
152 96
151 97
150 98
149 99
148 100
147 101
146 102
145 103
144 104
143 105
142 106
141 107
140 108
139 109
138 110
137 111
136 112
135 113
134 114
133 115
132 116
131 117
130 118
129 119
128 120
127 121
126 122
125 123
124 124
123 125
122 126
121 127
120 128
119 129
118 130
117 131
116 132
115 133
114 134
113 135
112 136
111 137
110 138
109 139
108 140
107 141
106 142
105 143
104 144
103 145
102 146
101 147
100 148
99 149
98 150
97 151
96 152
95 153
94 154
93 155
92 156
91 157
90 158
89 159
88 160
87 161
86 162
85 163
84 164
83 165
82 166
81 167
80 168
79 169
78 170
79 171
80 172
81 173
82 174
83 175
84 176
85 177
86 178
87 179
88 180
89 181
89 182
89 183
89 184
89 185
89 186
90 187
90 188
89 189
88 190
87 191
86 192
85 193
85 194
85 195
85 196
84 197
83 198
82 199
82 200
81 201
80 202
79 203
78 204
77 205
76 206
75 207
74 208
73 209
72 210
71 211
70 212
69 213
68 214
67 215
66 216
65 217
64 218
63 219
62 220
61 221
60 222
59 223
58 224
57 225
56 226
55 227
54 228
53 229
52 230
51 231
50 232
49 233
48 234
47 235
46 236
45 237
44 238
43 239
42 240
41 241
40 242
39 243
38 244
37 245
36 246
35 247
34 248
33 249
32 250
31 251
30 252
29 253
28 254
28 255
27 256
27 257
26 258
25 259
25 260
25 261
26 262
27 263
28 264
28 265
28 266
29 267
30 268
30 269
30 270
31 271
31 272
32 273
32 274
32 275
32 276
33 277
34 278
35 279
36 280
36 281
37 282
36 283
36 284
37 285
37 286
37 287
37 288
36 289
36 290
36 291
37 292
37 293
37 294
36 295
37 296
37 297
38 298
38 299
38 300
38 301
38 302
39 303
39 304
39 305
40 306
41 307
41 308
40 309
39 310
38 311
38 312
38 313
38 314
37 315
36 316
36 317
36 318
36 319
37 320
37 321
37 322
37 323
38 324
38 325
39 326
39 327
38 328
37 329
36 330
35 331
34 332
33 333
32 334
32 335
31 336
30 337
29 338
29 339
28 340
27 341
27 342
28 343
29 344
30 345
29 346
29 347
29 348
29 349
28 350
28 351
28 352
28 353
28 354
28 355
29 356
29 357
29 358
28 359
27 360
26 361
25 362
25 363
24 364
25 365
26 366
27 367
28 368
28 369
27 370
27 371
28 372
28 373
28 374
28 375
28 376
28 377
27 378
27 379
26 380
26 381
26 382
26 383
25 384
26 385
27 386
28 387
29 388
30 389
30 390
30 391
31 392
32 393
33 394
34 395
35 396
36 397
37 398
38 399
39 400
39 401
40 402
41 403
40 404
39 405
38 406
37 407
37 408
37 409
36 410
37 411
37 412
37 413
37 414
37 415
36 416
36 417
37 418
38 419
39 420
40 421
41 422
41 423
41 424
41 425
40 426
40 427
39 428
39 429
39 430
38 431
38 432
39 433
40 434
41 435
41 436
41 437
41 438
41 439
40 440
39 441
38 442
37 443
36 444
35 445
35 446
35 447
34 448
34 449
33 450
33 451
32 452
31 453
30 454
30 455
31 456
32 457
33 458
34 459
35 460
36 461
37 462
38 463
39 464
40 465
41 466
42 467
43 468
44 469
45 470
46 471
47 472
48 473
48 474
49 475
49 476
49 477
49 478
49 479
49 480
49 481
49 482
49 483
49 484
49 485
49 486
49 487
49 488
49 489
49 490
49 491
49 492
49 493
50 494
51 495
52 496
53 497
54 498
55 499
