382 0
381 1
380 2
379 3
378 4
379 5
379 6
379 7
378 8
378 9
377 10
377 11
377 12
377 13
377 14
377 15
378 16
377 17
378 18
377 19
376 20
375 21
374 22
373 23
372 24
371 25
370 26
369 27
368 28
367 29
366 30
365 31
364 32
363 33
362 34
361 35
360 36
359 37
358 38
357 39
356 40
355 41
354 42
353 43
352 44
351 45
350 46
349 47
348 48
347 49
346 50
345 51
344 52
343 53
344 54
345 55
344 56
343 57
343 58
343 59
342 60
343 61
344 62
345 63
346 64
347 65
348 66
349 67
349 68
350 69
351 70
352 71
352 72
353 73
353 74
354 75
355 76
356 77
357 78
356 79
355 80
354 81
354 82
355 83
354 84
355 85
356 86
357 87
358 88
357 89
357 90
358 91
359 92
360 93
361 94
360 95
361 96
362 97
362 98
361 99
362 100
363 101
364 102
365 103
366 104
365 105
365 106
364 107
365 108
364 109
364 110
364 111
363 112
364 113
363 114
363 115
364 116
365 117
365 118
364 119
365 120
366 121
367 122
367 123
368 124
369 125
369 126
368 127
367 128
367 129
366 130
366 131
365 132
365 133
364 134
365 135
366 136
367 137
366 138
365 139
364 140
364 141
364 142
364 143
365 144
364 145
364 146
363 147
362 148
361 149
362 150
361 151
362 152
361 153
360 154
359 155
358 156
357 157
356 158
355 159
354 160
353 161
352 162
351 163
351 164
350 165
349 166
348 167
348 168
348 169
347 170
348 171
349 172
349 173
349 174
349 175
349 176
349 177
350 178
350 179
351 180
352 181
353 182
353 183
352 184
351 185
351 186
350 187
349 188
348 189
349 190
348 191
348 192
348 193
347 194
346 195
347 196
348 197
348 198
349 199
350 200
351 201
352 202
352 203
353 204
353 205
352 206
353 207
354 208
355 209
356 210
357 211
356 212
355 213
354 214
354 215
353 216
352 217
351 218
352 219
351 220
350 221
351 222
351 223
350 224
350 225
349 226
348 227
347 228
346 229
345 230
344 231
343 232
342 233
341 234
340 234
339 233
338 232
337 231
336 231
335 230
334 231
333 232
332 231
331 230
330 230
329 229
328 230
327 229
326 230
325 231
324 232
323 231
322 230
321 229
320 228
319 227
318 227
317 226
316 226
315 225
314 225
313 224
312 223
311 222
310 221
309 220
308 220
307 219
306 218
305 217
304 216
303 215
302 214
301 213
300 212
299 211
298 210
297 209
296 208
295 207
294 206
293 205
292 204
291 203
290 202
289 201
288 200
287 199
286 198
285 197
284 196
283 195
282 194
281 193
280 192
279 191
278 190
277 189
276 190
275 191
274 192
273 192
272 193
271 194
270 195
269 196
268 197
267 198
266 199
265 200
264 201
263 202
262 202
261 203
260 202
259 201
258 202
257 202
256 201
255 202
254 203
253 204
252 204
251 204
250 204
249 203
248 204
247 205
246 206
245 207
244 208
243 209
242 210
241 211
240 212
239 213
238 214
237 215
236 216
235 217
234 218
233 219
232 220
231 221
230 222
229 223
228 224
227 225
226 226
225 227
224 228
223 229
222 230
221 231
220 232
219 233
218 234
217 235
216 236
215 236
214 237
213 238
212 238
211 239
210 240
209 241
208 242
207 243
206 244
205 245
204 246
203 247
202 248
201 249
200 250
199 251
198 252
197 253
196 254
195 255
194 256
193 257
192 258
191 259
190 260
189 259
188 260
187 260
186 261
185 262
184 263
183 264
182 265
181 266
180 267
179 268
178 269
177 270
176 271
175 272
174 273
173 272
172 273
171 274
170 275
169 276
168 277
167 278
166 279
165 279
164 280
163 281
162 282
161 282
160 283
159 284
158 283
157 284
156 285
155 286
154 287
153 288
152 289
151 290
150 291
149 292
148 293
147 294
146 295
145 296
144 296
143 297
142 298
141 299
140 300
139 301
138 302
137 303
136 303
135 304
134 305
133 306
132 307
131 308
130 309
129 310
128 311
127 311
126 311
125 312
124 311
123 312
122 313
121 314
120 314
119 315
118 316
117 317
116 318
115 319
114 320
113 321
112 320
111 320
110 320
109 319
108 319
107 318
106 319
105 319
104 318
103 318
102 319
101 320
100 320
99 321
98 322
97 323
96 324
95 324
94 323
93 324
92 325
91 326
90 325
89 326
88 327
87 328
86 328
85 327
84 327
83 327
82 327
81 328
80 329
79 329
78 330
77 331
76 332
75 333
74 334
73 335
72 336
71 337
70 338
69 339
68 340
67 341
66 342
65 343
64 344
65 345
66 346
67 347
66 348
67 349
68 350
67 351
66 352
65 353
64 354
63 355
62 356
61 357
62 358
62 359
61 360
60 361
60 362
60 363
61 364
62 365
63 366
64 367
63 368
62 369
61 370
60 371
59 372
58 373
59 374
60 375
60 376
59 377
60 378
59 379
58 380
57 381
58 382
57 383
56 384
55 385
55 386
54 387
54 388
53 389
54 390
54 391
55 392
54 393
55 394
56 395
55 396
55 397
55 398
56 399
57 400
58 401
58 402
57 403
58 404
57 405
56 406
55 407
54 408
54 409
54 410
54 411
55 412
56 413
57 414
58 415
59 416
58 417
59 418
60 419
61 420
62 421
63 422
62 423
61 424
60 425
59 426
58 427
57 428
56 429
57 430
58 431
59 432
58 433
59 434
60 435
61 436
62 437
62 438
63 439
63 440
64 441
63 442
64 443
65 444
65 445
64 446
65 447
66 448
67 449
66 450
66 451
66 452
65 453
65 454
66 455
66 456
65 457
64 458
63 459
63 460
64 461
63 462
63 463
64 464
64 465
65 466
66 467
66 468
65 469
65 470
65 471
65 472
65 473
65 474
66 475
66 476
66 477
67 478
66 479
66 480
67 481
66 482
67 483
67 484
66 485
67 486
67 487
67 488
66 489
67 490
67 491
66 492
65 493
65 494
64 495
63 496
63 497
63 498
62 499
