0 171
1 170
2 169
3 168
4 167
5 167
6 166
7 167
8 166
9 167
10 167
11 167
12 167
13 167
14 167
15 167
16 167
17 167
18 167
19 167
20 167
21 167
22 167
23 167
24 166
25 165
26 164
27 163
28 162
29 161
30 160
31 159
31 158
32 157
33 156
34 155
34 154
35 153
36 152
37 151
38 150
39 149
40 148
39 147
39 146
38 145
38 144
37 143
36 142
35 141
36 140
37 139
38 138
39 137
39 136
40 135
40 134
41 133
40 132
40 131
41 130
42 129
42 128
42 127
43 126
44 125
45 124
46 123
47 122
48 121
49 120
50 119
51 118
52 117
53 116
54 115
55 114
56 113
57 112
58 111
59 110
60 109
61 108
62 107
63 108
64 107
65 106
66 106
67 105
68 104
69 105
70 104
71 104
72 103
73 102
74 101
75 100
76 99
77 98
78 97
79 96
80 95
81 94
82 93
83 92
84 91
85 90
86 89
87 88
88 87
89 86
90 85
91 84
92 83
93 82
94 81
95 80
96 79
97 78
98 77
99 76
100 75
101 74
102 73
103 72
104 71
105 70
106 69
107 68
108 67
109 66
110 65
111 64
112 63
113 62
114 61
115 60
116 59
117 58
118 57
119 56
120 55
121 54
122 53
123 52
124 51
125 50
126 49
127 48
128 47
129 48
130 49
131 50
132 51
133 52
134 53
135 54
136 54
137 55
138 54
139 55
140 55
141 56
142 57
143 58
144 59
145 59
146 58
147 57
148 57
149 57
150 58
151 59
152 58
153 59
154 60
155 61
156 62
157 63
158 64
159 63
160 64
161 65
162 65
163 64
164 65
165 65
166 66
167 67
168 68
169 69
170 70
171 71
172 72
173 71
174 72
175 71
176 71
177 72
178 73
179 74
180 75
181 74
182 74
183 74
184 74
185 74
186 74
187 74
188 74
189 75
190 75
191 76
192 76
193 77
194 78
195 77
196 76
197 77
198 78
199 79
200 78
201 79
202 78
203 77
204 78
205 79
206 78
207 78
208 79
209 80
210 81
211 82
212 82
213 83
214 82
215 83
216 84
217 83
218 84
219 85
220 84
221 85
222 86
223 87
224 88
225 89
226 90
227 90
228 90
229 91
230 92
231 92
232 93
233 93
234 93
235 94
236 95
237 96
237 97
238 98
239 99
238 100
239 101
240 102
241 103
241 104
240 105
241 106
241 107
242 108
243 109
242 110
241 111
240 112
239 113
238 114
239 115
240 116
240 117
240 118
239 119
238 120
237 121
236 122
235 123
234 124
234 125
233 126
233 127
232 128
232 129
231 130
230 131
229 132
228 133
227 134
226 135
225 136
224 137
223 138
222 139
223 140
222 141
221 142
221 143
222 144
223 145
224 146
225 147
226 148
227 149
228 150
229 151
230 152
231 153
232 154
231 155
232 156
233 157
232 158
233 159
233 160
232 161
232 162
233 163
232 164
233 165
234 166
233 167
234 168
235 169
235 170
236 171
237 172
238 173
238 174
239 175
240 176
241 177
242 178
243 179
242 180
241 181
240 182
239 183
238 184
237 185
236 186
235 187
235 188
235 189
234 190
233 191
232 192
231 193
230 194
229 195
228 196
227 197
226 198
225 199
224 200
223 201
222 202
221 203
220 204
219 205
218 206
217 207
216 208
215 209
214 210
213 211
212 212
211 213
210 214
209 215
208 216
207 217
206 218
205 219
204 220
203 221
202 222
201 223
200 224
199 225
198 226
197 227
196 228
195 229
194 230
193 231
192 232
191 233
190 234
189 235
188 236
187 237
186 238
186 239
185 240
184 241
183 242
182 243
181 244
181 245
182 246
181 247
180 248
180 249
180 250
179 251
180 252
180 253
179 254
180 255
181 256
180 257
180 258
179 259
178 260
179 261
178 262
179 263
180 264
181 265
181 266
182 267
183 268
184 269
185 270
186 271
187 272
188 273
189 274
190 275
191 276
192 277
193 278
194 279
195 280
195 281
194 282
193 283
192 284
193 285
194 286
195 287
196 288
195 289
194 290
195 291
196 292
197 293
198 294
199 295
200 296
201 297
202 298
203 299
203 300
204 301
205 302
204 303
205 304
206 305
207 306
208 307
209 308
210 309
211 310
212 311
213 312
214 313
215 314
216 315
217 316
218 317
219 318
220 319
221 320
222 321
223 322
224 323
225 324
226 325
227 326
228 327
229 328
230 329
231 330
232 331
233 332
234 333
235 334
236 334
237 335
238 336
239 337
240 338
241 338
242 339
243 339
244 339
245 340
246 341
247 342
248 343
249 342
250 343
251 344
252 345
253 346
254 345
255 344
256 345
257 346
258 347
259 348
260 347
261 348
262 347
263 348
264 349
265 350
266 349
267 349
268 350
269 351
270 352
271 351
272 351
273 351
274 350
275 351
276 351
277 351
278 351
279 351
280 351
281 351
282 351
283 351
284 351
285 351
286 351
287 351
288 351
289 351
290 351
291 352
292 353
293 354
294 355
295 356
296 357
297 358
298 359
299 360
300 361
301 362
302 363
303 364
304 365
305 366
306 367
307 368
308 369
309 370
310 371
311 372
312 373
313 374
314 375
315 376
316 377
317 378
318 379
319 380
320 381
321 382
322 383
323 384
324 385
325 386
326 387
327 388
328 389
329 390
330 391
331 392
332 393
333 394
334 395
335 396
336 397
337 398
338 399
339 400
340 401
341 402
342 403
343 404
344 405
345 406
346 407
347 408
348 409
349 410
350 411
351 412
352 413
353 414
354 415
355 416
356 417
357 418
358 419
359 420
360 419
361 418
362 417
363 418
364 417
365 418
366 419
367 420
368 419
369 420
370 421
371 422
372 422
373 422
374 422
375 423
376 424
377 425
378 425
379 426
380 427
381 428
382 429
383 429
384 428
385 429
386 430
387 431
388 431
389 432
390 433
391 433
392 434
393 435
394 436
395 437
396 438
397 439
398 440
399 441
400 442
401 443
402 444
403 445
404 446
405 447
406 448
407 447
408 446
409 445
410 444
411 443
412 444
413 444
414 445
415 446
416 447
417 448
418 447
419 446
420 446
421 445
422 446
423 446
424 445
425 444
426 443
427 442
428 441
429 441
430 442
431 443
432 444
433 445
434 446
435 447
436 448
437 448
438 448
439 448
440 447
441 446
442 447
443 448
444 449
445 450
446 451
447 452
448 451
449 452
450 453
451 454
452 455
453 456
454 457
455 458
456 458
457 458
458 457
459 456
460 455
461 454
462 454
463 454
464 453
465 452
466 453
467 454
468 455
469 456
470 457
471 456
472 457
473 458
474 457
475 456
476 455
477 456
478 456
479 455
480 455
481 455
482 456
483 456
484 457
485 456
486 455
487 454
488 454
489 455
490 456
491 457
492 458
493 457
494 456
495 457
496 458
497 459
498 460
499 460
