0 231
1 230
2 229
3 228
4 227
5 226
6 225
7 224
8 223
9 222
10 222
11 222
12 222
13 222
14 222
15 222
16 222
17 222
18 222
19 222
20 222
21 222
22 222
23 222
24 222
25 222
26 222
27 222
28 222
29 222
30 222
31 222
32 222
33 222
34 222
35 222
36 222
37 222
38 222
39 222
40 222
41 222
42 222
43 222
44 222
45 222
46 221
47 220
48 219
49 218
50 217
51 216
52 215
53 214
54 213
55 212
56 211
57 210
58 209
59 208
60 207
61 206
62 205
63 204
64 203
65 202
66 201
67 200
68 199
69 198
70 197
71 196
72 195
73 194
74 193
75 192
76 191
77 190
78 189
79 188
80 187
81 186
82 185
83 184
84 183
85 182
86 181
87 180
88 179
89 178
90 177
91 176
92 175
93 174
94 173
95 172
96 171
97 170
98 169
99 168
100 167
101 166
102 165
103 164
104 163
105 162
106 161
107 160
108 159
109 158
110 157
111 156
112 155
113 154
114 153
115 152
116 151
117 150
118 149
119 148
120 147
121 146
122 145
123 144
124 143
125 142
126 141
127 140
128 139
129 138
130 137
131 136
132 135
133 134
134 133
135 132
136 131
137 130
138 129
139 128
140 129
141 130
142 131
143 132
144 133
145 134
146 134
147 134
148 134
149 134
150 135
151 134
152 134
153 134
154 134
155 134
156 134
157 133
158 132
159 132
160 132
161 132
162 132
163 133
164 133
165 133
166 133
167 132
168 131
169 130
169 129
170 128
171 127
172 126
173 125
174 124
174 123
174 122
174 121
175 120
176 119
177 118
178 117
179 116
180 115
180 114
179 113
180 112
179 111
179 110
179 109
180 108
180 107
179 106
179 105
179 104
180 103
180 102
180 101
181 100
182 99
183 98
184 97
185 96
186 95
187 94
188 93
189 92
190 91
191 90
192 89
193 88
194 87
195 86
196 85
197 84
198 83
199 82
200 81
201 80
202 79
203 78
204 77
205 76
206 75
207 74
208 73
209 72
210 71
211 70
212 69
213 68
214 67
215 66
216 65
217 64
218 63
219 62
220 61
221 60
222 59
223 58
224 57
225 56
226 55
227 54
228 53
229 52
230 51
231 50
232 49
233 48
234 47
235 46
236 45
237 44
238 43
239 44
240 45
241 46
242 47
243 46
244 45
245 44
246 44
247 44
248 44
249 45
250 46
251 46
252 46
253 45
254 45
255 44
256 43
257 42
258 41
259 40
260 39
261 38
262 37
263 38
264 39
265 40
266 41
267 42
268 43
269 44
270 45
271 46
272 47
273 48
274 49
275 50
276 51
277 52
278 53
279 54
280 55
281 56
282 57
283 58
284 59
285 60
286 61
287 62
288 63
289 64
290 65
291 66
292 67
293 68
294 69
295 70
296 71
297 72
298 73
299 74
300 75
301 76
302 77
303 78
304 79
305 80
306 81
307 82
308 83
309 84
310 85
311 86
312 87
313 88
314 89
315 90
316 91
317 92
318 93
319 94
320 95
321 96
322 97
323 98
324 99
325 100
326 101
327 102
328 103
329 104
330 105
331 106
332 107
333 108
334 109
335 110
336 111
337 112
338 113
339 114
340 115
341 116
342 117
343 118
344 119
345 120
346 121
347 122
348 123
349 124
350 125
351 126
352 127
353 128
354 129
355 130
356 131
357 132
358 133
359 134
360 135
361 136
362 137
363 138
364 139
365 140
366 141
367 142
368 143
369 144
370 145
371 146
372 147
373 147
374 148
375 149
376 150
377 151
378 152
379 153
380 154
381 155
382 156
383 157
384 158
385 159
386 160
387 161
388 162
389 163
390 164
391 165
392 166
393 167
394 168
395 169
396 170
397 171
398 172
399 173
400 174
401 175
402 176
403 177
404 178
405 179
406 180
407 181
408 182
409 183
410 184
411 185
412 186
413 187
414 188
415 189
416 190
417 191
417 192
417 193
417 194
418 195
419 196
419 197
419 198
420 199
421 200
422 201
423 202
423 203
424 204
425 205
425 206
425 207
425 208
425 209
425 210
425 211
426 212
427 213
428 214
429 215
430 216
431 217
431 218
432 219
433 220
434 221
435 222
435 223
435 224
435 225
436 226
437 227
437 228
437 229
437 230
437 231
436 232
436 233
435 234
435 235
436 236
436 237
436 238
435 239
435 240
435 241
436 242
435 243
434 244
433 245
432 246
431 247
432 248
432 249
433 250
434 251
435 252
436 253
435 254
435 255
435 256
434 257
434 258
434 259
435 260
435 261
434 262
434 263
434 264
435 265
435 266
435 267
436 268
435 269
435 270
435 271
435 272
435 273
435 274
435 275
434 276
433 277
432 278
432 279
431 280
431 281
431 282
430 283
430 284
430 285
430 286
431 287
432 288
433 289
434 290
435 291
436 292
437 293
438 294
439 295
440 296
441 297
442 298
443 299
444 300
445 301
446 302
447 303
448 304
449 305
450 306
451 307
452 308
453 309
454 310
455 311
456 312
457 313
458 314
459 315
460 316
461 317
462 318
463 319
464 320
465 321
466 322
467 323
468 323
469 323
470 323
471 323
472 323
473 323
474 323
475 323
476 323
477 323
478 323
479 323
480 323
481 323
482 323
483 323
484 323
485 323
486 323
487 323
488 323
489 323
490 323
491 323
492 324
493 325
494 326
495 327
496 328
497 329
498 330
499 331
