0 231
1 230
2 229
3 228
4 227
5 226
6 225
7 224
8 224
9 223
10 222
11 223
12 222
13 222
14 223
15 222
16 223
17 223
18 224
19 224
20 223
21 224
22 224
23 223
24 224
25 223
26 223
27 222
28 222
29 223
30 224
31 223
32 222
33 222
34 223
35 223
36 222
37 222
38 223
39 223
40 224
41 223
42 224
43 223
44 222
45 222
46 221
47 220
48 219
49 218
50 217
51 216
52 215
53 214
54 213
55 212
56 211
57 210
58 209
59 208
60 207
61 206
62 205
63 204
64 203
65 202
66 201
67 200
68 199
69 198
70 197
71 196
72 195
73 194
74 193
75 192
76 191
77 190
78 189
79 188
80 187
81 186
82 185
83 184
84 183
85 182
86 181
87 180
88 179
89 178
90 177
91 176
92 175
93 174
94 173
95 172
96 171
97 170
98 169
99 168
100 167
101 166
102 165
103 164
104 163
105 162
106 161
107 160
108 159
109 158
110 157
111 156
112 155
113 154
114 153
115 152
116 151
117 150
118 149
119 148
120 147
121 146
122 145
123 144
124 143
125 142
126 141
127 140
128 139
129 138
130 138
131 138
132 137
133 137
134 138
135 138
136 139
137 139
138 138
139 138
140 138
141 137
142 137
143 136
144 136
145 135
146 135
147 134
148 135
149 136
150 136
151 135
152 134
153 134
154 135
155 135
156 134
157 135
158 136
159 135
160 135
161 134
162 133
163 134
164 133
165 134
166 133
167 132
168 131
169 130
170 129
171 128
172 127
172 126
173 125
174 124
175 123
176 122
177 121
178 120
179 119
180 118
181 117
182 116
183 115
184 114
184 113
185 112
186 111
186 110
187 109
188 108
189 107
190 106
191 105
192 104
192 103
191 102
191 101
190 100
189 99
190 98
191 97
191 96
192 95
193 94
194 93
195 92
196 91
197 90
197 89
198 88
198 87
199 86
199 85
198 84
198 83
199 82
200 81
201 80
202 79
203 78
204 77
205 76
206 75
207 74
208 73
209 72
210 71
211 70
212 69
213 68
214 67
215 66
216 67
217 68
218 68
219 67
220 66
221 65
222 64
223 63
224 62
225 63
226 64
227 65
228 66
229 67
230 67
231 67
232 67
233 66
234 65
235 64
236 65
237 66
238 65
239 66
240 67
241 67
242 67
243 68
244 68
245 69
246 70
247 71
248 72
249 73
250 74
251 75
252 76
253 77
254 78
255 79
256 80
257 81
258 82
259 82
260 83
261 84
262 85
263 86
264 86
265 85
266 84
267 85
268 84
269 85
270 86
271 87
272 88
273 89
274 90
275 91
276 92
277 93
278 94
279 95
280 96
281 96
282 96
283 96
284 97
285 97
286 98
287 99
288 100
289 101
290 100
291 99
292 100
293 101
294 102
295 103
296 104
297 105
298 106
299 107
300 108
301 109
302 110
303 111
304 112
305 112
306 111
307 112
308 113
309 114
310 115
311 116
312 117
313 117
314 118
315 119
316 119
317 120
318 121
319 122
320 123
321 124
322 125
323 126
324 127
325 128
326 129
327 130
328 130
329 131
330 132
331 131
332 132
333 133
334 134
335 135
336 136
337 137
338 138
339 139
340 140
341 141
342 141
343 142
344 143
345 142
346 143
347 144
348 145
349 145
350 146
351 146
352 147
353 148
354 149
355 150
356 149
357 150
358 151
359 152
360 153
361 152
362 153
363 153
364 154
365 155
366 155
367 156
368 157
369 156
370 157
371 158
372 159
373 159
374 160
375 161
376 162
377 161
378 162
379 163
380 164
381 165
382 166
383 167
384 168
385 169
386 168
387 167
388 166
389 167
390 166
391 167
392 168
393 169
394 169
395 170
396 171
397 172
398 173
399 174
400 175
401 176
402 177
403 177
404 178
405 179
406 180
407 181
408 182
409 183
410 184
411 185
412 186
413 187
414 188
415 189
416 190
417 191
418 192
419 193
420 194
421 195
422 196
423 197
424 198
425 199
426 200
427 201
428 202
429 203
430 204
431 205
432 206
433 207
434 208
435 209
436 210
437 211
437 212
436 213
435 214
436 215
435 216
436 217
437 218
438 219
439 220
439 221
439 222
440 223
441 224
442 225
443 226
442 227
443 228
444 229
444 230
445 231
445 232
444 233
444 234
445 235
444 236
445 237
445 238
446 239
447 240
447 241
448 242
448 243
448 244
449 245
450 246
451 247
450 248
451 249
452 250
453 251
453 252
454 253
455 254
455 255
456 256
456 257
455 258
456 259
457 260
458 261
457 262
458 263
457 264
458 265
457 266
456 267
455 268
454 269
453 270
452 271
452 272
451 273
450 274
449 275
449 276
449 277
448 278
447 279
446 280
445 281
446 282
447 283
446 284
446 285
447 286
447 287
448 288
448 289
449 290
450 291
451 292
450 293
449 294
449 295
450 296
451 297
452 298
453 299
454 300
455 301
456 302
457 303
458 304
458 305
459 306
460 307
461 308
462 309
461 310
462 311
461 312
461 313
462 314
463 315
464 316
465 317
466 318
466 319
466 320
466 321
466 322
467 323
468 323
469 323
470 323
471 323
472 323
473 324
474 324
475 323
476 323
477 324
478 324
479 323
480 324
481 324
482 323
483 324
484 325
485 324
486 323
487 324
488 325
489 326
490 327
491 326
492 327
493 327
494 328
495 329
496 330
497 331
498 330
499 331
