110 0
111 1
112 2
113 3
112 4
112 5
113 6
113 7
114 8
113 9
112 10
112 11
111 12
110 13
109 14
109 15
109 16
109 17
109 18
108 19
107 20
107 21
107 22
107 23
107 24
107 25
107 26
107 27
107 28
106 29
107 30
107 31
108 32
107 33
106 34
107 35
106 36
106 37
107 38
108 39
109 40
108 41
109 42
110 43
109 44
110 45
109 46
108 47
109 48
109 49
110 50
111 51
112 52
112 53
113 54
113 55
114 56
115 57
116 58
117 59
117 60
118 61
118 62
117 63
117 64
118 65
117 66
118 67
119 68
120 69
121 70
122 71
123 72
124 73
124 74
123 75
124 76
125 77
126 78
126 79
126 80
126 81
127 82
128 83
129 84
130 85
131 86
132 87
133 88
134 89
135 90
135 91
136 92
135 93
136 94
137 95
138 96
139 97
140 98
141 99
142 100
143 101
144 102
145 103
146 104
147 105
148 106
149 107
150 108
151 109
150 110
151 111
152 112
153 113
154 114
155 115
156 116
157 117
158 118
159 119
158 120
159 121
160 122
159 123
160 124
161 125
162 126
162 127
161 128
162 129
163 130
164 131
165 132
165 133
166 134
167 135
168 136
167 137
167 138
168 139
167 140
168 141
169 142
168 143
169 144
169 145
170 146
171 147
172 148
173 149
173 150
173 151
174 152
174 153
175 154
176 155
177 156
178 157
179 158
180 159
181 160
182 161
183 162
184 163
185 164
186 165
187 166
188 167
189 168
190 169
191 170
192 171
193 172
194 173
195 174
196 175
197 176
198 177
199 178
200 179
201 180
202 181
203 182
204 183
205 184
206 185
207 185
208 185
209 184
210 184
211 183
212 182
213 181
214 181
215 180
216 181
217 182
218 181
219 181
220 180
221 181
222 181
223 180
224 179
225 179
226 178
227 177
228 176
229 175
230 174
231 173
232 172
233 171
234 170
235 170
236 169
237 169
238 169
239 168
240 167
241 166
242 165
243 164
244 163
245 162
246 161
247 160
248 159
249 158
250 157
251 156
252 155
253 154
254 153
255 152
256 151
257 150
258 149
259 148
260 147
261 146
262 145
263 144
264 143
265 142
266 141
267 140
268 141
269 142
270 143
271 144
272 145
273 146
274 147
275 147
276 146
277 145
278 144
279 143
280 144
281 145
282 144
283 145
284 145
285 144
286 145
287 146
288 147
289 148
290 149
291 149
292 150
293 151
294 152
295 153
296 154
297 153
298 154
299 155
300 155
301 156
302 157
303 158
304 159
305 160
306 161
307 160
308 160
309 161
310 162
311 163
312 164
313 165
314 165
315 164
316 164
317 163
318 162
319 163
320 164
321 165
322 164
323 163
324 162
325 161
326 160
327 161
328 160
329 160
330 159
331 159
332 160
333 161
334 160
335 161
336 162
337 162
338 161
339 160
340 161
341 162
342 163
343 164
344 165
345 166
346 167
347 166
348 167
349 168
350 169
351 170
352 171
353 172
354 173
355 174
356 175
357 176
358 177
359 176
360 177
361 178
362 177
363 176
364 176
365 176
366 177
367 177
368 177
369 178
370 178
371 179
372 180
373 180
374 181
375 182
376 181
377 182
378 183
379 182
380 183
381 184
382 184
383 185
384 186
385 187
386 188
387 188
388 189
389 190
390 191
391 192
392 193
393 194
394 195
395 196
396 197
397 198
398 199
399 200
400 201
401 202
402 203
403 204
404 204
405 205
406 206
407 206
408 207
409 208
410 209
411 210
412 210
413 211
414 212
415 213
416 214
417 215
418 216
419 217
420 218
421 219
422 220
423 220
424 220
425 221
426 222
427 223
428 224
429 225
430 226
431 227
432 228
433 228
434 227
435 228
436 229
437 230
438 230
439 231
440 232
441 233
442 234
443 234
444 233
445 234
446 235
447 236
448 237
449 238
450 239
451 240
452 241
453 242
454 243
455 243
456 242
457 241
458 240
459 239
460 238
461 237
462 238
463 239
464 239
465 238
466 238
467 239
468 238
469 239
470 240
471 239
472 240
473 241
474 242
475 243
476 243
477 242
478 241
479 240
480 241
481 242
482 243
483 244
484 245
485 245
486 244
487 243
488 242
489 243
490 242
491 243
492 244
493 245
494 246
495 246
496 246
497 247
498 248
499 248
