110 0
109 1
108 2
107 3
106 4
105 5
104 6
103 7
102 8
101 9
100 10
99 11
98 12
97 13
97 14
97 15
97 16
97 17
97 18
97 19
97 20
97 21
97 22
97 23
97 24
97 25
97 26
97 27
97 28
97 29
96 30
95 31
94 32
93 33
92 34
91 35
90 36
89 37
88 38
87 39
86 40
85 41
84 42
83 43
82 44
81 45
80 46
79 47
78 48
77 49
76 50
75 51
74 52
74 53
75 54
76 55
77 56
78 57
79 58
80 59
81 60
82 61
83 62
84 63
85 64
86 65
87 66
88 67
89 68
90 69
91 70
92 71
93 72
94 73
95 74
96 75
97 76
98 77
99 78
100 79
101 80
102 81
103 82
104 83
105 84
106 85
107 86
108 87
109 88
110 89
111 90
112 91
113 92
114 93
115 94
116 95
117 96
118 97
119 98
120 99
121 100
122 101
123 102
124 103
125 104
126 105
127 106
128 107
129 108
130 109
131 110
132 111
133 112
134 113
135 114
136 115
137 116
138 117
139 118
140 119
141 120
142 121
143 122
144 123
145 124
146 125
147 126
148 127
149 128
150 129
151 130
152 131
153 132
154 133
155 134
156 135
157 136
158 137
159 138
160 139
161 140
162 141
163 142
164 143
165 144
166 145
167 146
168 147
169 148
170 149
171 150
172 151
173 152
174 153
175 154
176 155
177 155
178 155
179 155
180 156
181 157
182 158
183 159
184 160
185 161
186 162
187 163
188 164
189 165
190 166
191 166
192 166
193 166
194 167
195 168
196 169
197 169
198 169
199 168
200 169
201 170
202 170
203 171
204 171
205 171
206 172
207 173
208 174
209 175
210 176
211 177
212 178
213 179
214 179
215 179
216 179
217 179
218 179
219 180
220 180
221 180
222 180
223 180
224 179
225 179
226 178
227 177
228 176
229 175
230 174
231 173
232 172
233 171
234 170
235 169
236 169
237 169
238 169
239 168
240 167
241 166
242 165
243 164
244 163
245 162
246 161
247 160
248 159
249 158
250 157
251 156
252 155
253 154
254 153
255 152
256 151
257 150
258 149
259 148
260 147
261 146
262 145
263 144
264 143
265 142
266 141
267 140
268 139
269 138
270 137
271 136
272 135
273 134
274 133
275 132
276 131
277 132
278 133
279 134
280 135
281 136
282 137
283 138
284 139
285 140
286 141
287 142
288 143
289 144
290 145
291 146
292 147
293 148
294 149
295 150
296 151
297 152
298 153
299 154
300 155
301 156
302 157
303 158
304 159
305 159
306 159
307 159
308 158
309 158
310 158
311 158
312 158
313 159
314 160
315 161
316 161
317 161
318 162
319 163
320 164
321 165
322 164
323 163
324 162
325 161
326 160
327 160
328 159
329 158
330 158
331 158
332 158
333 158
334 158
335 158
336 158
337 158
338 158
339 157
340 157
341 157
342 157
343 157
344 156
345 156
346 156
347 155
348 154
349 153
350 153
351 152
352 151
353 151
354 152
355 153
356 154
357 155
358 156
359 157
360 158
361 159
362 160
363 161
364 162
365 163
366 164
367 165
368 166
369 167
370 168
371 169
372 170
373 171
374 172
375 173
376 174
377 175
378 176
379 177
380 178
381 179
382 180
383 181
384 182
385 183
386 184
387 185
388 186
389 187
390 188
391 189
392 190
393 191
394 192
395 193
396 194
397 195
398 196
399 197
400 198
401 199
402 200
403 201
404 202
405 203
406 204
407 205
408 206
409 207
410 208
411 209
412 210
413 211
414 212
415 213
416 214
417 215
418 216
419 217
420 217
421 217
422 217
423 217
424 218
425 218
426 219
427 220
428 220
429 220
430 219
431 219
432 219
433 219
434 219
435 220
436 221
437 222
438 222
439 223
440 223
441 223
442 224
443 224
444 224
445 225
446 225
447 226
448 226
449 227
450 228
451 229
452 229
453 230
454 231
455 231
456 232
457 233
458 233
459 234
460 235
461 235
462 236
463 236
464 237
465 238
466 238
467 238
468 238
469 238
470 238
471 238
472 238
473 238
474 238
475 238
476 238
477 238
478 238
479 238
480 238
481 238
482 238
483 238
484 238
485 238
486 238
487 238
488 238
489 238
490 239
491 240
492 241
493 242
494 243
495 244
496 245
497 246
498 247
499 248
