999 666
998 667
997 668
996 668
995 667
994 666
993 666
992 666
991 666
990 666
989 665
988 666
987 667
986 667
985 666
984 665
983 665
982 666
981 665
980 664
979 664
978 663
977 663
976 663
975 663
974 663
973 663
972 663
971 663
970 663
969 663
968 662
967 662
966 662
965 662
964 661
963 661
962 661
961 660
960 659
959 659
958 660
957 661
956 662
955 663
954 662
953 661
952 660
951 661
950 662
949 663
948 664
947 663
946 663
945 662
944 662
943 661
942 661
941 662
940 662
939 663
938 664
937 663
936 662
935 662
934 661
933 661
932 661
931 662
930 662
929 663
928 662
927 661
926 660
925 659
924 658
923 657
922 656
921 655
920 654
919 653
918 652
917 651
916 650
915 649
915 648
914 647
913 646
912 645
911 644
911 643
910 642
911 641
912 640
912 639
912 638
911 637
910 636
910 635
911 634
910 633
911 632
912 631
912 630
911 629
910 628
909 627
908 626
908 625
908 624
909 623
909 622
908 621
908 620
908 619
909 618
908 617
908 616
907 615
906 614
907 613
906 612
907 611
908 610
909 609
910 608
911 607
912 606
911 605
910 604
910 603
911 602
910 601
911 600
910 599
910 598
911 597
911 596
912 595
911 594
910 593
909 592
910 591
909 590
908 589
908 588
907 587
906 586
907 585
908 584
908 583
909 582
908 581
909 580
909 579
910 578
909 577
908 576
907 575
906 574
905 573
904 572
905 571
906 570
907 569
908 568
909 567
908 566
909 565
908 564
907 563
907 562
907 561
906 560
906 559
907 558
908 557
908 556
907 555
906 554
905 553
904 552
904 551
905 550
904 549
905 548
906 547
906 546
906 545
907 544
908 543
907 542
907 541
906 540
905 539
904 538
905 537
904 536
903 535
902 534
902 533
903 532
904 531
905 530
906 529
905 528
904 527
903 526
904 525
905 524
906 523
907 522
908 521
909 520
909 519
908 518
907 517
906 516
906 515
905 514
905 513
904 512
903 511
904 510
903 509
902 508
901 507
900 506
899 505
899 504
898 503
899 502
898 501
898 500
899 499
898 498
899 497
898 496
899 495
898 494
898 493
897 492
898 491
899 490
898 489
899 488
900 487
901 486
900 485
901 484
900 483
900 482
901 481
901 480
900 479
899 478
898 477
897 476
897 475
896 474
895 473
896 472
897 471
897 470
898 469
898 468
897 467
896 466
897 465
896 464
895 463
896 462
897 461
897 460
898 459
899 458
899 457
898 456
899 455
900 454
900 453
899 452
898 451
897 450
896 449
895 448
896 447
895 446
896 445
897 444
896 443
897 442
897 441
896 440
896 439
897 438
898 437
897 436
898 435
899 434
898 433
897 432
897 431
898 430
898 429
899 428
900 427
901 426
902 425
901 424
900 423
899 422
898 421
897 420
898 419
897 418
898 417
899 416
900 415
901 414
902 413
901 412
900 411
900 410
899 409
899 408
898 407
898 406
898 405
899 404
900 403
899 402
899 401
900 400
901 399
900 398
900 397
901 396
902 395
903 394
903 393
902 392
901 391
900 390
900 389
901 388
902 387
902 386
901 385
901 384
900 383
900 382
900 381
900 380
901 379
902 378
903 377
904 376
905 375
906 374
906 373
906 372
907 371
907 370
908 369
907 368
908 367
907 366
908 365
909 364
910 363
909 362
908 361
907 360
908 359
907 358
908 357
907 356
907 355
907 354
907 353
906 352
905 351
906 350
905 349
904 348
904 347
903 346
904 345
905 344
904 343
905 342
905 341
904 340
905 339
904 338
903 337
902 336
901 335
900 334
899 333
898 332
897 331
896 330
895 329
894 329
893 328
892 329
891 329
890 328
889 327
888 326
887 326
886 326
885 325
884 324
883 325
882 325
881 324
880 323
879 322
878 322
877 322
876 321
875 320
874 321
873 322
872 323
871 323
870 323
869 322
868 321
867 321
866 322
865 322
864 321
863 322
862 323
861 323
860 324
859 323
858 322
857 321
856 320
855 320
854 321
853 320
852 320
851 320
850 320
849 320
848 319
847 319
846 319
845 320
844 319
843 319
842 319
841 320
840 321
839 322
838 322
837 323
836 322
835 322
834 321
833 320
832 321
831 320
830 319
829 319
828 319
827 320
826 320
825 319
824 320
823 321
822 322
821 321
820 321
819 322
818 321
817 322
816 323
815 324
814 325
813 324
812 324
811 325
810 326
809 326
808 326
807 325
806 326
805 326
804 327
803 326
802 326
801 325
800 325
799 325
798 324
797 325
796 326
795 327
794 328
793 327
792 327
791 328
790 329
789 328
788 328
787 329
786 330
785 331
784 332
783 333
782 334
781 335
780 336
779 337
778 338
777 339
776 340
775 341
774 342
773 343
774 344
773 345
773 346
774 347
775 348
774 349
774 350
773 351
772 352
771 353
772 354
773 355
773 356
774 357
774 358
775 359
775 360
774 361
773 362
772 363
771 364
772 365
773 366
774 367
773 368
772 369
771 370
770 371
771 372
770 373
769 374
768 375
767 376
766 377
765 378
764 379
763 380
762 381
761 382
760 383
759 384
758 385
757 385
756 386
755 385
754 384
753 383
752 382
751 381
750 380
749 379
748 379
747 380
746 380
745 379
744 378
743 378
742 377
741 376
740 375
739 375
738 375
737 375
736 376
735 375
734 375
733 375
732 375
731 376
730 377
729 378
728 379
727 378
726 378
725 378
724 379
723 379
722 379
721 378
720 378
719 378
718 378
717 377
716 376
715 376
714 375
713 375
712 374
711 374
710 375
709 376
708 376
707 375
706 374
705 373
704 373
703 374
702 374
701 375
700 376
699 376
698 375
697 375
696 374
695 374
694 375
693 375
692 374
691 373
690 373
689 373
688 373
687 373
686 373
685 373
684 373
683 373
682 373
681 374
680 375
679 376
678 375
677 374
676 374
675 374
674 374
673 373
672 374
671 375
670 375
669 376
668 375
667 374
666 373
665 374
664 374
663 375
662 374
661 374
660 373
659 374
658 375
657 376
656 377
655 378
654 379
653 380
652 381
651 381
650 382
649 383
648 384
647 383
646 384
645 385
644 386
643 386
642 386
641 386
640 387
639 388
638 389
637 390
636 391
635 392
634 393
633 394
632 395
631 396
630 397
629 398
629 399
630 400
629 401
629 402
628 403
628 404
628 405
627 406
627 407
627 408
626 409
625 410
625 411
626 412
626 413
626 414
626 415
626 416
625 417
625 418
626 419
626 420
626 421
625 422
625 423
625 424
625 425
625 426
624 427
623 428
623 429
624 430
623 431
624 432
624 433
623 434
623 435
624 436
625 437
625 438
626 439
625 440
625 441
624 442
625 443
624 444
623 445
623 446
624 447
623 448
624 449
623 450
624 451
623 452
622 453
621 454
620 455
619 456
618 456
617 456
616 457
615 458
614 459
613 458
612 457
611 456
610 457
609 456
608 455
607 454
606 454
605 454
604 455
603 456
602 456
601 456
600 455
599 455
598 456
597 456
596 457
595 456
594 455
593 454
592 455
591 456
590 455
589 454
588 453
587 453
586 453
585 454
584 453
583 453
582 454
581 453
580 453
579 453
578 453
577 453
576 452
575 451
574 450
573 449
572 448
571 447
570 446
569 445
568 444
567 443
566 442
565 441
564 440
563 439
563 438
564 437
564 436
564 435
565 434
566 433
567 432
567 431
566 430
565 429
564 428
563 427
562 426
561 425
560 424
559 423
558 422
557 421
556 422
555 421
554 420
553 419
552 418
551 417
550 416
549 415
548 414
547 413
546 412
545 412
544 413
543 412
542 413
541 413
540 414
539 415
538 416
537 417
536 418
535 419
534 418
533 418
532 419
531 420
530 421
529 422
528 421
527 420
526 419
525 418
524 418
523 417
522 416
521 415
520 414
519 413
518 412
517 411
516 410
515 410
514 411
513 412
512 411
511 410
510 411
509 411
508 411
507 411
506 411
505 411
504 412
503 413
502 412
501 413
500 414
499 413
498 414
497 413
496 412
495 411
494 412
493 413
492 414
491 414
490 413
489 413
488 412
487 413
486 412
485 411
484 410
483 409
482 409
481 410
480 411
479 412
478 411
477 412
476 413
475 414
474 413
473 413
472 414
471 415
470 414
469 413
468 414
467 414
466 413
465 412
464 412
463 411
462 411
461 410
460 410
459 410
458 409
457 410
456 411
455 410
454 410
453 410
452 409
451 410
450 410
449 409
448 410
447 411
446 410
445 409
444 409
443 408
442 407
441 406
440 405
440 404
441 403
442 402
443 401
442 400
443 399
443 398
442 397
443 396
442 395
441 394
441 393
440 392
439 391
440 390
439 389
438 388
437 387
436 386
435 385
434 384
433 383
432 382
431 381
430 380
429 379
429 378
429 377
428 376
429 375
430 374
431 373
430 372
430 371
429 370
430 369
429 368
429 367
428 366
429 365
428 364
429 363
430 362
430 361
429 360
429 359
428 358
427 357
426 356
425 356
424 357
423 357
422 356
421 355
420 354
419 355
418 355
417 354
416 353
415 352
414 351
413 350
412 349
411 348
410 347
409 346
408 346
407 347
406 346
405 345
404 344
403 345
402 345
401 346
400 347
399 348
398 349
397 349
396 348
395 348
394 347
393 346
392 345
391 344
390 345
389 346
388 347
387 346
386 345
385 344
384 344
383 343
382 342
381 341
380 340
379 339
380 338
381 337
382 336
382 335
381 334
380 333
379 332
379 331
378 330
377 329
378 328
379 327
380 326
379 325
378 324
377 323
376 322
375 321
374 320
373 319
372 318
373 317
372 316
373 315
374 314
374 313
373 312
373 311
372 310
373 309
373 308
372 307
373 306
374 305
373 304
373 303
372 302
371 301
370 300
369 299
370 298
370 297
369 296
369 295
369 294
370 293
369 292
369 291
370 290
371 289
371 288
370 287
369 286
368 285
367 284
367 283
366 282
365 281
364 280
363 279
362 278
361 277
360 276
359 275
358 274
357 273
356 272
355 271
354 270
353 269
352 268
351 268
350 267
349 268
348 267
347 266
346 267
345 267
344 266
343 267
342 268
341 267
340 266
339 267
338 266
337 267
336 266
335 265
334 264
333 263
332 262
331 261
330 260
329 259
328 258
327 257
326 256
327 255
326 254
325 253
324 252
323 251
322 250
321 249
320 248
319 247
318 246
319 245
318 244
317 243
318 242
317 241
316 240
315 239
314 238
314 237
313 236
313 235
312 234
313 233
312 232
312 231
311 230
310 229
309 228
308 228
307 229
306 229
305 229
304 229
303 228
302 228
301 228
300 227
299 227
298 228
297 228
296 227
295 226
294 225
293 225
292 224
291 223
290 222
289 221
288 222
287 223
286 222
285 221
284 220
283 219
282 218
281 217
280 216
279 217
278 216
277 215
276 214
275 213
274 214
273 214
272 215
271 214
270 213
269 214
268 215
267 216
266 216
265 217
264 218
263 219
262 218
261 218
260 217
259 217
258 216
257 216
256 215
255 215
254 214
253 213
252 214
251 215
250 214
249 213
248 214
247 213
246 214
245 215
244 216
243 217
242 218
241 219
240 220
239 221
238 221
237 222
236 222
235 221
234 222
233 222
232 223
231 224
230 224
229 224
228 224
227 225
226 226
225 227
224 228
223 229
222 230
221 231
220 232
219 233
218 234
217 235
216 236
215 237
214 238
213 239
212 240
211 241
210 242
209 243
208 244
207 245
206 246
205 247
204 248
203 249
203 250
203 251
204 252
203 253
204 254
205 255
206 256
206 257
207 258
208 259
209 260
208 261
207 262
206 263
205 264
204 265
203 266
202 267
201 268
200 269
199 270
198 271
197 272
197 273
198 274
197 275
196 276
195 277
194 278
193 279
192 280
191 281
192 282
193 283
194 284
195 285
196 286
196 287
196 288
197 289
198 290
198 291
199 292
198 293
197 294
196 295
195 296
194 297
193 298
193 299
192 300
191 301
190 302
190 303
189 304
188 305
187 306
186 307
185 308
185 309
184 310
183 311
182 312
182 313
182 314
181 315
181 316
182 317
183 318
182 319
181 320
180 321
179 322
178 323
177 324
176 325
175 326
175 327
176 328
175 329
174 330
173 331
173 332
172 333
173 334
174 335
173 336
172 337
172 338
171 339
170 340
169 341
168 342
168 343
167 344
167 345
166 346
166 347
165 348
166 349
167 350
168 351
167 352
166 353
165 354
164 355
163 356
162 357
161 358
162 359
161 360
161 361
160 362
160 363
159 364
158 365
157 366
156 367
157 368
157 369
156 370
155 371
154 372
153 373
153 374
153 375
153 376
152 377
151 378
150 379
150 380
151 381
150 382
149 383
148 384
147 385
147 386
147 387
147 388
146 389
145 390
144 391
143 392
142 393
141 394
140 395
139 396
138 397
137 398
137 399
138 400
139 401
138 402
139 403
139 404
140 405
141 406
140 407
139 408
138 409
137 410
138 411
138 412
137 413
138 414
137 415
136 416
136 417
137 418
137 419
136 420
135 421
134 422
133 423
132 424
131 425
130 426
129 427
128 428
128 429
127 430
126 431
125 432
126 433
125 434
124 435
123 436
122 437
123 438
123 439
122 440
121 441
120 442
120 443
119 444
120 445
119 446
118 447
119 448
118 449
117 450
116 451
116 452
117 453
116 454
117 455
116 456
117 457
116 458
115 459
114 460
113 461
112 462
111 463
111 464
112 465
113 466
114 467
114 468
113 469
112 470
111 471
110 472
109 473
108 474
107 475
107 476
106 477
106 478
105 479
104 480
103 481
103 482
102 483
103 484
102 485
101 486
100 487
99 488
98 489
98 490
97 491
98 492
99 493
100 494
99 495
98 496
98 497
97 498
96 499
97 500
98 501
99 502
98 503
97 504
96 505
95 506
94 507
93 508
92 509
93 510
92 511
91 512
90 513
89 514
88 515
87 516
87 517
86 518
85 519
84 520
83 521
82 522
81 523
81 524
80 525
80 526
81 527
81 528
80 529
79 530
78 531
77 532
78 533
77 534
76 535
75 536
74 537
75 538
74 539
74 540
75 541
74 542
73 543
73 544
72 545
71 546
70 547
69 548
69 549
68 550
67 551
67 552
66 553
65 554
64 555
63 554
62 553
61 553
60 554
59 555
58 556
57 555
56 554
55 554
54 553
53 552
52 551
51 551
50 550
49 549
48 548
47 548
46 549
45 548
44 548
43 547
42 546
41 545
40 545
39 544
38 543
37 542
36 543
35 543
34 542
33 541
32 541
31 542
30 542
29 543
28 542
27 543
26 543
25 542
24 541
23 540
22 541
21 540
20 540
19 541
18 542
17 542
16 543
15 543
14 542
13 541
12 540
11 541
10 542
9 541
8 540
7 539
6 538
5 537
4 536
3 535
2 534
1 535
