999 666
998 665
997 664
996 663
995 662
994 661
993 660
992 659
991 658
990 657
989 656
988 656
987 656
986 657
985 658
984 658
983 658
982 658
981 658
980 658
979 658
978 658
977 658
976 658
975 658
974 658
973 658
972 658
971 658
970 658
969 658
968 659
967 659
966 659
965 659
964 659
963 659
962 659
961 659
960 659
959 659
958 659
957 659
956 659
955 659
954 659
953 659
952 660
951 661
950 661
949 661
948 661
947 661
946 661
945 661
944 661
943 661
942 661
941 661
940 661
939 661
938 661
937 661
936 661
935 661
934 661
933 661
932 661
931 661
930 661
929 661
928 661
927 661
926 660
925 659
924 658
923 657
922 656
921 655
920 654
919 653
918 652
917 651
916 650
915 649
914 648
913 647
912 646
911 645
910 644
909 643
909 642
909 641
909 640
909 639
909 638
909 637
908 636
908 635
908 634
908 633
908 632
908 631
908 630
908 629
908 628
908 627
908 626
908 625
908 624
908 623
908 622
908 621
908 620
908 619
908 618
908 617
907 616
906 615
906 614
906 613
906 612
906 611
906 610
906 609
906 608
906 607
906 606
906 605
906 604
906 603
906 602
906 601
906 600
906 599
906 598
906 597
905 596
905 595
905 594
905 593
905 592
905 591
905 590
905 589
905 588
905 587
905 586
905 585
905 584
905 583
905 582
905 581
905 580
905 579
905 578
905 577
904 576
903 575
903 574
903 573
903 572
903 571
903 570
903 569
903 568
903 567
903 566
903 565
903 564
903 563
903 562
903 561
903 560
903 559
903 558
903 557
903 556
902 555
902 554
902 553
902 552
902 551
902 550
902 549
902 548
902 547
902 546
902 545
902 544
902 543
902 542
902 541
902 540
902 539
902 538
902 537
902 536
902 535
902 534
902 533
902 532
902 531
901 530
901 529
901 528
901 527
901 526
901 525
901 524
900 523
900 522
900 521
900 520
900 519
900 518
900 517
900 516
899 515
898 514
898 513
898 512
898 511
898 510
898 509
898 508
898 507
898 506
898 505
898 504
898 503
898 502
898 501
898 500
898 499
898 498
898 497
898 496
898 495
897 494
897 493
897 492
897 491
897 490
897 489
897 488
897 487
897 486
897 485
897 484
897 483
897 482
897 481
897 480
897 479
897 478
897 477
897 476
897 475
896 474
895 473
895 472
895 471
895 470
895 469
895 468
895 467
895 466
895 465
895 464
895 463
895 462
895 461
895 460
895 459
895 458
895 457
895 456
895 455
895 454
895 453
895 452
895 451
895 450
895 449
895 448
895 447
895 446
895 445
895 444
895 443
895 442
895 441
895 440
895 439
895 438
896 437
897 436
897 435
897 434
897 433
897 432
897 431
897 430
897 429
897 428
897 427
897 426
897 425
897 424
897 423
897 422
897 421
897 420
897 419
897 418
897 417
897 416
898 415
898 414
898 413
898 412
898 411
898 410
898 409
898 408
898 407
898 406
898 405
898 404
898 403
898 402
898 401
898 400
898 399
898 398
898 397
898 396
899 395
900 394
900 393
900 392
900 391
900 390
900 389
900 388
900 387
900 386
900 385
900 384
900 383
900 382
900 381
900 380
900 379
900 378
900 377
900 376
901 375
902 374
902 373
902 372
902 371
902 370
902 369
902 368
902 367
902 366
902 365
902 364
902 363
902 362
902 361
902 360
902 359
902 358
902 357
902 356
902 355
902 354
902 353
903 352
903 351
903 350
903 349
903 348
903 347
903 346
903 345
903 344
903 343
903 342
903 341
903 340
903 339
903 338
903 337
902 336
901 335
900 334
899 333
898 332
897 331
896 330
895 329
894 328
893 327
892 326
891 325
890 324
889 323
888 322
887 322
886 322
885 322
884 322
883 322
882 322
881 322
880 322
879 322
878 322
877 322
876 321
875 320
874 320
873 320
872 320
871 320
870 320
869 320
868 320
867 320
866 320
865 320
864 320
863 320
862 320
861 320
860 320
859 320
858 320
857 320
856 320
855 320
854 320
853 320
852 320
851 320
850 320
849 319
848 319
847 319
846 319
845 319
844 319
843 319
842 319
841 319
840 319
839 319
838 319
837 319
836 319
835 319
834 319
833 319
832 319
831 319
830 319
829 319
828 319
827 319
826 319
825 319
824 319
823 319
822 318
821 317
820 317
819 317
818 317
817 317
816 317
815 317
814 317
813 317
812 317
811 317
810 317
809 317
808 317
807 317
806 317
805 317
804 317
803 317
802 317
801 317
800 317
799 317
798 318
797 319
796 320
795 321
794 322
793 323
792 324
791 325
790 326
789 327
788 328
787 329
786 330
785 331
784 332
783 333
782 334
781 335
780 336
779 337
778 338
777 339
776 340
775 341
774 342
773 343
772 344
771 345
770 346
770 347
770 348
770 349
770 350
770 351
770 352
770 353
770 354
769 355
769 356
769 357
769 358
769 359
769 360
769 361
769 362
769 363
769 364
769 365
769 366
769 367
769 368
769 369
769 370
769 371
768 372
767 373
767 374
767 375
767 376
766 377
765 377
764 377
763 377
762 377
761 377
760 377
759 377
758 377
757 377
756 377
755 377
754 377
753 377
752 377
751 377
750 377
749 377
748 377
747 376
746 375
745 375
744 375
743 375
742 375
741 375
740 375
739 375
738 375
737 375
736 375
735 375
734 375
733 375
732 375
731 375
730 375
729 375
728 375
727 375
726 375
725 375
724 375
723 375
722 375
721 375
720 375
719 375
718 375
717 375
716 374
715 373
714 373
713 373
712 373
711 373
710 373
709 373
708 373
707 373
706 373
705 373
704 373
703 373
702 373
701 373
700 373
699 373
698 373
697 373
696 373
695 373
694 373
693 373
692 373
691 373
690 373
689 373
688 373
687 373
686 373
685 373
684 373
683 373
682 373
681 373
680 373
679 373
678 373
677 373
676 373
675 373
674 373
673 373
672 373
671 373
670 373
669 372
668 372
667 372
666 372
665 372
664 372
663 372
662 372
661 372
660 372
659 372
658 372
657 372
656 372
655 372
654 373
653 374
652 375
651 376
650 377
649 378
648 379
647 380
646 381
645 382
644 383
643 384
642 385
641 386
640 387
639 388
638 389
637 390
636 391
635 392
634 393
633 394
632 395
631 396
630 397
629 398
628 399
627 400
626 401
625 402
625 403
625 404
625 405
625 406
625 407
625 408
625 409
625 410
625 411
624 412
623 413
623 414
623 415
623 416
623 417
623 418
623 419
623 420
623 421
623 422
623 423
623 424
623 425
623 426
623 427
623 428
623 429
623 430
623 431
623 432
623 433
623 434
623 435
623 436
623 437
623 438
623 439
623 440
623 441
623 442
623 443
623 444
623 445
623 446
623 447
623 448
623 449
623 450
623 451
623 452
622 453
621 453
620 453
619 453
618 453
617 453
616 453
615 453
614 453
613 453
612 453
611 453
610 453
609 453
608 453
607 453
606 453
605 453
604 453
603 453
602 453
601 453
600 453
599 453
598 453
597 453
596 453
595 453
594 453
593 453
592 453
591 453
590 453
589 453
588 453
587 453
586 453
585 453
584 453
583 453
582 453
581 453
580 453
579 453
578 453
577 453
576 452
575 451
574 450
573 449
572 448
571 447
570 446
569 445
568 444
567 443
566 442
565 441
564 440
563 439
562 438
561 437
561 436
561 435
561 434
561 433
561 432
561 431
561 430
561 429
561 428
561 427
561 426
561 425
560 424
559 423
558 422
557 421
556 420
555 419
554 418
553 417
552 416
551 415
550 414
549 413
548 412
547 411
546 410
545 409
544 409
543 409
542 409
541 409
540 409
539 409
538 409
537 409
536 409
535 409
534 409
533 409
532 409
531 409
530 409
529 409
528 409
527 409
526 409
525 409
524 409
523 409
522 409
521 409
520 409
519 409
518 409
517 409
516 409
515 409
514 409
513 409
512 409
511 409
510 409
509 409
508 410
507 411
506 411
505 411
504 411
503 411
502 411
501 411
500 411
499 411
498 411
497 411
496 411
495 411
494 410
493 409
492 409
491 409
490 409
489 409
488 409
487 409
486 409
485 409
484 409
483 409
482 409
481 409
480 409
479 409
478 409
477 409
476 409
475 409
474 409
473 409
472 409
471 409
470 409
469 409
468 409
467 409
466 409
465 409
464 409
463 409
462 409
461 409
460 409
459 409
458 409
457 409
456 409
455 409
454 409
453 409
452 409
451 409
450 409
449 409
448 409
447 409
446 409
445 409
444 409
443 408
442 407
441 406
440 405
439 404
438 403
437 402
436 401
435 400
434 399
433 398
432 397
431 396
430 395
429 394
428 393
428 392
428 391
428 390
428 389
428 388
428 387
428 386
428 385
428 384
428 383
428 382
428 381
428 380
428 379
428 378
428 377
428 376
428 375
428 374
428 373
428 372
428 371
428 370
428 369
428 368
428 367
428 366
428 365
428 364
428 363
428 362
428 361
428 360
428 359
428 358
427 357
426 356
425 355
424 354
423 353
422 352
421 351
420 350
419 349
418 348
417 347
416 346
415 345
414 344
413 344
412 344
411 344
410 344
409 344
408 344
407 344
406 344
405 344
404 344
403 344
402 344
401 344
400 344
399 344
398 344
397 344
396 344
395 344
394 344
393 344
392 344
391 344
390 344
389 344
388 344
387 344
386 344
385 344
384 344
383 343
382 342
381 341
380 340
379 339
378 338
377 337
376 336
375 335
374 334
373 333
372 332
371 331
370 330
369 329
368 328
367 327
366 326
365 325
364 324
365 323
366 322
367 321
368 320
369 319
369 318
369 317
369 316
369 315
369 314
369 313
369 312
369 311
369 310
369 309
369 308
369 307
369 306
369 305
369 304
369 303
369 302
369 301
369 300
369 299
369 298
369 297
369 296
369 295
369 294
369 293
369 292
369 291
369 290
369 289
368 288
367 287
367 286
367 285
367 284
367 283
366 282
365 281
364 280
363 279
362 278
361 277
360 276
359 275
358 274
357 273
356 272
355 271
354 270
353 269
352 268
351 267
350 267
349 267
348 267
347 266
346 266
345 266
344 266
343 266
342 266
341 266
340 266
339 266
338 265
337 264
336 264
335 264
334 264
333 263
332 262
331 261
330 260
329 259
328 258
327 257
326 256
325 255
324 254
323 253
322 252
321 251
320 250
319 249
318 248
317 247
316 246
315 245
314 244
313 243
312 242
312 241
312 240
312 239
312 238
312 237
312 236
312 235
312 234
312 233
312 232
312 231
311 230
310 229
309 228
308 227
307 226
306 225
305 224
304 223
303 222
302 221
301 220
300 219
299 218
298 217
297 216
296 215
295 214
294 214
293 214
292 214
291 214
290 214
289 214
288 214
287 214
286 214
285 214
284 214
283 214
282 214
281 214
280 214
279 213
278 212
277 212
276 212
275 212
274 212
273 212
272 212
271 212
270 212
269 212
268 212
267 212
266 212
265 212
264 212
263 212
262 212
261 212
260 212
259 212
258 212
257 212
256 212
255 212
254 212
253 212
252 211
251 211
250 211
249 211
248 211
247 211
246 211
245 211
244 211
243 211
242 211
241 211
240 212
239 213
238 214
237 215
236 216
235 217
234 218
233 219
232 220
231 221
230 222
229 223
228 224
227 225
226 226
225 227
224 228
223 229
222 230
221 231
220 232
219 233
218 234
217 235
216 236
215 237
214 238
213 239
212 240
211 241
210 242
209 243
208 244
207 245
206 246
205 247
204 248
203 249
203 250
203 251
203 252
202 253
202 254
202 255
202 256
202 257
201 258
200 259
200 260
200 261
199 262
198 263
198 264
198 265
198 266
197 267
197 268
196 269
195 270
194 271
193 272
192 273
191 274
190 275
189 276
188 277
187 278
187 279
188 280
189 281
190 282
191 283
192 284
192 285
192 286
191 287
191 288
191 289
191 290
190 291
189 292
189 293
189 294
188 295
187 296
187 297
187 298
187 299
186 300
186 301
186 302
185 303
184 304
184 305
184 306
184 307
183 308
183 309
183 310
182 311
181 312
181 313
180 314
180 315
180 316
180 317
180 318
179 319
178 320
178 321
177 322
177 323
177 324
176 325
175 326
175 327
175 328
175 329
174 330
173 331
173 332
172 333
172 334
172 335
171 336
170 337
170 338
169 339
169 340
169 341
168 342
167 343
167 344
166 345
166 346
166 347
165 348
164 349
164 350
164 351
163 352
162 353
162 354
161 355
161 356
161 357
160 358
159 359
159 360
158 361
158 362
158 363
158 364
158 365
157 366
156 367
156 368
155 369
155 370
155 371
154 372
153 373
153 374
152 375
152 376
152 377
151 378
150 379
150 380
149 381
148 382
148 383
147 384
147 385
147 386
147 387
147 388
146 389
145 390
144 391
143 392
142 393
141 394
140 395
139 396
138 397
137 398
136 399
135 400
134 401
134 402
135 403
136 404
137 405
137 406
137 407
136 408
136 409
136 410
135 411
134 412
134 413
133 414
133 415
133 416
132 417
131 418
131 419
131 420
131 421
130 422
130 423
130 424
129 425
128 426
128 427
127 428
127 429
127 430
126 431
125 432
125 433
124 434
123 435
123 436
122 437
122 438
122 439
122 440
121 441
120 442
120 443
119 444
119 445
119 446
118 447
117 448
117 449
116 450
116 451
116 452
115 453
114 454
114 455
113 456
112 457
112 458
111 459
111 460
111 461
110 462
109 463
109 464
109 465
108 466
108 467
108 468
107 469
106 470
106 471
106 472
105 473
105 474
105 475
105 476
104 477
103 478
103 479
102 480
102 481
102 482
101 483
100 484
100 485
99 486
98 487
98 488
97 489
97 490
97 491
96 492
95 493
95 494
94 495
94 496
94 497
93 498
92 499
92 500
92 501
91 502
91 503
91 504
90 505
89 506
89 507
88 508
87 509
87 510
86 511
86 512
86 513
85 514
84 515
84 516
83 517
83 518
83 519
82 520
81 521
81 522
80 523
80 524
80 525
80 526
80 527
79 528
78 529
78 530
77 531
77 532
77 533
76 534
75 535
75 536
74 537
73 538
73 539
73 540
72 541
72 542
72 543
71 544
70 545
70 546
69 547
69 548
69 549
68 550
67 551
67 552
66 553
65 553
64 553
63 553
62 553
61 552
60 552
59 552
58 552
57 551
56 550
55 550
54 549
53 548
52 548
51 548
50 548
49 547
48 547
47 547
46 546
45 545
44 545
43 544
42 544
41 544
40 544
39 544
38 543
37 542
36 542
35 541
34 541
33 541
32 541
31 541
30 540
29 539
28 539
27 538
26 537
25 537
24 537
23 537
22 536
21 536
20 536
19 535
18 534
17 534
16 534
15 533
14 533
13 533
12 533
11 532
10 531
9 531
8 531
7 530
6 530
5 531
4 532
3 533
2 534
1 535
