987 976
986 975
985 974
984 973
983 972
982 971
981 970
980 969
979 969
978 969
977 968
976 967
975 967
974 966
973 966
972 966
971 966
970 966
969 965
968 964
967 964
966 963
965 962
964 961
963 960
962 959
961 958
960 957
959 956
958 957
957 958
956 958
955 959
954 958
953 958
952 958
951 958
950 957
949 956
948 956
947 956
946 956
945 957
944 958
943 959
942 960
941 961
940 962
939 963
938 964
937 964
936 964
935 963
934 962
933 962
932 962
931 962
930 961
929 961
928 961
927 960
926 959
925 959
924 958
923 958
922 958
921 957
920 956
919 956
918 955
917 955
916 955
915 954
914 953
913 952
912 952
911 952
910 951
909 950
908 950
907 949
906 948
905 947
904 947
903 947
902 946
901 945
900 945
899 944
898 944
897 944
896 943
895 942
894 942
893 941
892 941
891 940
890 939
889 939
888 938
887 937
886 937
885 936
884 936
883 936
882 935
881 934
880 934
879 933
878 933
877 933
876 932
875 931
874 931
873 931
872 930
871 930
870 930
869 929
868 928
867 928
866 927
865 926
864 925
863 925
862 925
861 924
860 923
859 923
858 922
857 921
856 920
855 919
854 918
853 917
852 916
851 915
850 914
849 913
848 912
847 911
846 910
845 909
844 908
843 907
842 906
843 905
844 904
844 903
844 902
844 901
844 900
845 899
845 898
845 897
845 896
845 895
846 894
847 893
847 892
847 891
847 890
847 889
847 888
847 887
848 886
848 885
848 884
848 883
848 882
849 881
850 880
850 879
850 878
850 877
850 876
851 875
852 874
852 873
852 872
852 871
852 870
852 869
853 868
853 867
853 866
853 865
853 864
853 863
854 862
855 861
855 860
855 859
855 858
856 857
856 856
856 855
856 854
856 853
857 852
858 851
858 850
858 849
858 848
858 847
858 846
858 845
859 844
859 843
859 842
859 841
859 840
860 839
861 838
861 837
861 836
861 835
861 834
861 833
862 832
862 831
863 830
864 829
864 828
864 827
864 826
865 825
866 824
866 823
866 822
866 821
866 820
866 819
867 818
867 817
867 816
867 815
867 814
867 813
867 812
867 811
867 810
867 809
867 808
867 807
867 806
867 805
867 804
866 803
866 802
867 801
867 800
867 799
867 798
867 797
867 796
866 795
865 794
864 793
863 792
862 791
861 790
860 789
859 790
858 791
857 791
856 791
855 792
854 792
853 792
852 792
851 792
850 792
849 792
848 792
847 792
846 792
845 792
844 792
843 791
842 791
841 791
840 790
839 789
838 788
837 788
836 787
835 787
834 787
833 786
832 786
831 786
830 785
829 784
828 783
827 782
826 781
825 780
824 779
823 778
822 777
821 776
820 775
819 774
819 773
819 772
818 771
817 770
816 769
815 768
814 767
813 766
812 766
811 765
810 764
809 764
808 764
807 763
806 762
805 762
804 761
803 761
802 761
801 760
800 759
799 758
798 757
797 758
796 758
795 758
794 758
793 757
792 756
791 756
790 755
789 755
788 755
787 755
786 754
785 753
784 753
783 752
782 752
781 752
780 752
779 751
778 750
777 750
776 749
775 748
774 748
773 748
772 747
771 747
770 747
769 746
768 745
767 744
766 744
765 744
764 744
763 743
762 742
761 742
760 741
759 741
758 741
757 740
756 739
755 739
754 738
753 737
752 736
751 735
750 734
749 733
748 732
747 732
746 732
745 732
744 731
743 731
742 731
741 730
740 730
739 730
738 729
737 728
736 728
735 727
734 727
733 727
732 726
731 725
730 725
729 724
728 723
727 723
726 722
725 722
724 722
723 722
722 721
721 720
720 720
719 719
718 719
717 719
716 718
715 717
714 717
713 716
712 716
711 716
710 715
709 714
708 714
707 713
706 712
705 711
704 710
703 709
703 708
703 707
704 706
705 705
705 704
705 703
706 702
706 701
707 700
708 699
708 698
708 697
707 696
706 695
705 694
704 693
703 692
702 691
701 690
700 689
699 689
698 689
697 688
696 687
695 687
694 686
693 686
692 686
691 685
690 684
689 684
688 683
687 683
686 683
685 682
684 681
683 681
682 680
681 680
680 680
679 679
678 678
677 678
676 677
675 677
674 677
673 677
672 676
671 675
670 675
669 674
668 673
667 672
666 671
665 670
664 669
663 668
662 667
661 666
660 665
659 664
658 663
657 662
656 661
655 660
655 659
654 658
653 657
652 656
651 655
650 654
649 653
648 652
647 651
646 650
645 649
644 648
643 647
642 646
641 645
640 644
639 643
638 642
637 641
636 640
635 639
634 638
633 637
632 636
631 636
630 636
629 635
628 634
627 634
626 634
625 634
624 634
623 634
622 633
621 633
620 633
619 633
618 633
617 633
616 632
615 631
614 631
613 631
612 631
611 631
610 630
609 630
608 630
607 630
606 630
605 630
604 629
603 628
602 628
601 627
600 626
599 625
598 624
597 623
597 622
597 621
597 620
598 619
598 618
598 617
599 616
600 615
600 614
600 613
600 612
600 611
600 610
601 609
602 608
602 607
602 606
602 605
603 604
603 603
603 602
603 601
604 600
605 599
605 598
605 597
605 596
605 595
605 594
606 593
606 592
606 591
606 590
607 589
608 588
608 587
608 586
608 585
608 584
608 583
609 582
609 581
609 580
609 579
610 578
611 577
611 576
611 575
611 574
611 573
612 572
612 571
612 570
612 569
612 568
613 567
614 566
614 565
614 564
614 563
614 562
615 561
616 560
616 559
616 558
616 557
616 556
616 555
616 554
616 553
616 552
616 551
616 550
616 549
616 548
616 547
615 546
614 545
614 544
613 543
612 542
612 541
611 540
611 539
611 538
611 537
610 536
609 535
609 534
608 533
608 532
608 531
607 530
606 529
606 528
605 527
604 526
603 525
603 524
603 523
602 522
602 521
602 520
601 519
600 518
600 517
599 516
598 515
598 514
597 513
597 512
597 511
596 510
595 509
595 508
594 507
594 506
593 505
592 504
592 503
591 502
591 501
591 500
590 499
589 498
589 497
588 496
587 495
587 494
586 493
586 492
585 491
584 490
583 489
582 488
581 487
580 486
579 486
578 486
577 485
576 484
575 483
574 482
573 481
572 480
573 479
573 478
573 477
573 476
574 475
575 474
575 473
575 472
575 471
575 470
576 469
577 468
577 467
577 466
576 465
575 464
574 463
573 462
572 461
571 460
570 459
569 458
568 457
567 456
566 456
565 456
564 456
563 455
562 455
561 455
560 455
559 455
558 455
557 454
556 453
555 453
554 453
553 453
552 452
551 452
550 452
549 452
548 452
547 452
546 451
545 450
544 450
543 450
542 450
541 449
540 448
539 448
538 448
537 448
536 448
535 447
534 447
533 447
532 447
531 447
530 446
529 445
528 445
527 445
526 445
525 445
524 444
523 444
522 444
521 444
520 444
519 444
518 443
517 442
516 442
515 442
514 442
513 442
512 442
511 441
510 441
509 441
508 441
507 441
506 441
505 440
504 439
503 439
502 439
501 439
500 439
499 438
498 437
497 436
496 435
495 434
494 433
493 432
492 431
491 430
490 430
489 431
488 432
487 433
486 434
485 434
484 434
483 434
482 433
481 433
480 433
479 433
478 433
477 433
476 432
475 431
474 431
473 431
472 431
471 431
470 431
469 430
468 430
467 430
466 430
465 430
464 430
463 429
462 428
461 428
460 428
459 428
458 428
457 427
456 427
455 427
454 427
453 427
452 426
451 425
450 425
449 425
448 425
447 424
446 423
445 423
444 423
443 423
442 423
441 422
440 422
439 422
438 422
437 422
436 421
435 420
434 420
433 420
432 419
431 419
430 419
429 419
428 419
427 419
426 418
425 417
424 417
423 417
422 417
421 416
420 416
419 416
418 416
417 416
416 415
415 414
414 414
413 414
412 414
411 414
410 413
409 412
408 411
407 410
406 409
405 408
404 407
403 408
402 409
401 410
400 411
399 412
398 413
397 414
396 415
395 416
394 417
393 418
392 419
391 420
