987 976
986 975
985 974
984 973
983 972
982 971
981 970
980 969
979 969
978 969
977 968
976 967
975 968
974 968
973 967
972 968
971 968
970 967
969 966
968 965
967 964
966 963
965 962
964 961
963 960
962 959
961 958
960 957
959 957
958 958
957 958
956 958
955 959
954 959
953 959
952 958
951 958
950 957
949 957
948 957
947 958
946 959
945 960
944 960
943 961
942 962
941 963
940 964
939 964
938 965
937 966
936 967
935 966
934 966
933 965
932 964
931 963
930 962
929 963
928 963
927 963
926 963
925 963
924 963
923 962
922 961
921 960
920 959
919 958
918 957
917 956
916 956
915 957
914 956
913 955
912 956
911 955
910 954
909 953
908 953
907 953
906 952
905 951
904 950
903 949
902 948
901 947
900 946
899 945
898 944
897 944
896 943
895 942
894 942
893 941
892 941
891 940
890 940
889 939
888 938
887 937
886 938
885 937
884 936
883 936
882 935
881 935
880 935
879 934
878 933
877 933
876 933
875 933
874 932
873 931
872 930
871 930
870 930
869 929
868 928
867 928
866 927
865 926
864 925
863 926
862 925
861 924
860 923
859 923
858 922
857 921
856 920
855 919
854 918
853 917
852 916
851 915
851 914
850 913
849 912
848 911
849 910
850 909
849 908
850 907
850 906
849 905
850 904
851 903
852 902
853 901
853 900
854 899
853 898
852 897
853 896
853 895
853 894
854 893
855 892
854 891
853 890
852 889
851 888
851 887
850 886
851 885
852 884
852 883
851 882
851 881
852 880
851 879
852 878
852 877
853 876
854 875
855 874
855 873
855 872
856 871
856 870
855 869
854 868
855 867
855 866
854 865
853 864
854 863
855 862
856 861
856 860
857 859
858 858
859 857
860 856
859 855
860 854
861 853
861 852
862 851
862 850
861 849
862 848
863 847
863 846
862 845
861 844
861 843
860 842
861 841
860 840
861 839
862 838
863 837
864 836
864 835
865 834
866 833
866 832
866 831
865 830
866 829
867 828
868 827
869 826
869 825
870 824
871 823
871 822
872 821
873 820
872 819
871 818
871 817
870 816
871 815
872 814
871 813
870 812
869 811
868 810
869 809
870 808
871 807
872 806
872 805
871 804
870 803
869 802
868 801
869 800
868 799
867 798
867 797
867 796
866 795
865 794
864 794
863 794
862 793
861 792
860 793
859 794
858 795
857 796
856 795
855 795
854 795
853 796
852 796
851 797
850 796
849 795
848 796
847 795
846 795
845 794
844 793
843 792
842 791
841 792
840 792
839 791
838 790
837 790
836 789
835 788
834 788
833 787
832 786
831 786
830 785
829 784
828 783
827 782
826 781
825 780
824 779
823 778
822 777
821 776
821 775
820 774
819 773
819 772
818 771
817 770
816 769
815 769
814 769
813 768
812 768
811 767
810 767
809 766
808 766
807 765
806 764
805 764
804 763
803 763
802 762
801 762
800 761
799 760
798 760
797 759
796 760
795 759
794 758
793 757
792 756
791 756
790 756
789 755
788 756
787 756
786 755
785 754
784 754
783 753
782 753
781 753
780 752
779 751
778 750
777 750
776 749
775 748
774 748
773 749
772 748
771 748
770 747
769 748
768 748
767 747
766 746
765 745
764 744
763 743
762 742
761 742
760 741
759 742
758 743
757 742
756 741
755 740
754 739
753 738
752 737
751 736
750 735
749 734
748 733
747 732
746 733
745 732
744 733
743 734
742 733
741 732
740 731
739 730
738 729
737 729
736 728
735 727
734 728
733 727
732 726
731 726
730 725
729 724
728 724
727 725
726 724
725 724
724 723
723 722
722 721
721 720
720 720
719 719
718 720
717 719
716 718
715 717
714 717
713 716
712 717
711 716
710 715
709 714
708 714
707 713
706 712
705 711
704 710
705 709
706 708
707 707
707 706
707 705
708 704
708 703
708 702
708 701
709 700
710 699
709 698
708 697
707 696
706 695
705 694
704 693
703 692
702 691
701 692
700 691
699 690
698 689
697 688
696 688
695 688
694 687
693 686
692 686
691 685
690 685
689 684
688 683
687 684
686 683
685 683
684 682
683 681
682 680
681 681
680 680
679 680
678 679
677 679
676 678
675 677
674 677
673 677
672 676
671 676
670 675
669 674
669 673
668 672
667 671
666 670
665 669
664 668
663 667
662 666
661 665
660 664
659 663
658 662
657 661
656 660
655 659
654 658
653 657
652 656
651 655
650 654
649 653
648 652
647 652
646 653
645 652
644 652
643 651
642 650
641 649
640 650
639 649
638 648
637 647
636 646
635 645
634 644
633 643
632 642
631 643
630 643
629 644
628 645
627 646
626 645
625 644
624 643
623 642
622 641
621 642
620 643
619 643
618 643
617 642
616 641
615 640
614 639
613 638
612 637
611 636
610 635
609 634
608 633
607 632
606 631
605 630
604 629
603 629
602 628
601 627
602 626
601 625
601 624
602 623
601 622
602 621
603 620
603 619
604 618
603 617
602 616
601 615
600 614
601 613
602 612
601 611
602 610
603 609
604 608
603 607
604 606
605 605
604 604
603 603
604 602
605 601
606 600
606 599
607 598
607 597
606 596
607 595
608 594
609 593
608 592
608 591
609 590
610 589
611 588
610 587
609 586
610 585
611 584
612 583
612 582
613 581
613 580
613 579
613 578
612 577
612 576
613 575
614 574
614 573
615 572
615 571
616 570
617 569
618 568
619 567
618 566
619 565
619 564
618 563
617 562
618 561
617 560
618 559
619 558
620 557
620 556
619 555
619 554
620 553
621 552
620 551
619 550
620 549
619 548
618 547
619 546
618 545
617 544
616 543
615 542
614 541
613 540
612 539
612 538
612 537
611 536
610 535
611 534
610 533
610 532
609 531
608 530
607 529
607 528
608 527
608 526
607 525
606 524
605 523
604 522
603 521
602 520
603 519
602 518
601 517
601 516
600 515
600 514
599 513
598 512
598 511
598 510
597 509
596 508
595 507
594 506
593 505
594 504
593 503
593 502
592 501
592 500
591 499
590 498
590 497
589 496
588 495
588 494
587 493
586 492
585 491
584 491
583 490
582 489
581 488
580 487
579 486
578 486
577 485
576 484
577 483
577 482
577 481
576 480
575 479
574 478
574 477
575 476
576 475
577 474
576 473
577 472
577 471
578 470
577 469
578 468
578 467
577 466
576 465
575 464
574 463
573 463
572 462
571 463
570 463
569 462
568 461
567 460
566 459
565 459
564 459
563 459
562 458
561 457
560 456
559 455
558 455
557 454
556 455
555 454
554 453
553 453
552 454
551 455
550 456
549 456
548 457
547 456
546 455
545 454
544 453
543 452
542 451
541 450
540 449
539 449
538 448
537 448
536 448
535 447
534 448
533 449
532 450
531 449
530 448
529 448
528 448
527 447
526 446
525 445
524 446
523 447
522 448
521 447
520 446
519 445
518 444
517 443
516 443
515 444
514 443
513 443
512 444
511 443
510 443
509 442
508 443
507 443
506 442
505 441
504 440
503 440
502 441
501 440
500 439
499 438
498 437
497 436
496 435
495 434
494 433
493 433
492 434
491 435
490 435
489 434
488 434
487 433
486 434
485 435
484 436
483 437
482 438
481 439
480 438
479 438
478 438
477 438
476 437
475 436
474 436
473 436
472 435
471 434
470 433
469 432
468 431
467 432
466 433
465 432
464 431
463 430
462 430
461 431
460 431
459 430
458 430
457 429
456 428
455 428
454 427
453 427
452 426
451 427
450 428
449 427
448 426
447 425
446 425
445 424
444 425
443 424
442 425
441 425
440 425
439 424
438 425
437 425
436 425
435 424
434 423
433 422
432 422
431 421
430 421
429 420
428 419
427 420
426 419
425 418
424 419
423 418
422 419
421 418
420 417
419 416
418 416
417 416
416 416
415 415
414 414
413 415
412 416
411 417
410 417
409 416
408 415
407 414
406 415
405 414
404 415
403 416
402 416
401 415
400 415
399 414
398 415
397 416
396 417
395 416
394 417
393 418
392 419
391 420
