1 249
2 248
3 247
4 246
5 245
6 244
7 243
8 243
9 244
10 245
11 246
12 247
13 247
14 248
15 248
16 248
17 248
18 249
19 250
20 250
21 250
22 251
23 252
24 252
25 252
26 253
27 254
28 255
29 255
30 255
31 255
32 255
33 255
34 256
35 256
36 257
37 258
38 258
39 258
40 258
41 259
42 259
43 259
44 260
45 261
46 261
47 261
48 261
49 261
50 262
51 262
52 263
53 264
54 264
55 264
56 264
57 265
58 266
59 266
60 266
61 267
62 267
63 268
64 269
65 269
66 270
67 270
68 270
69 271
70 272
71 272
72 272
73 273
74 273
75 273
76 274
77 275
78 275
79 275
80 276
81 277
82 277
83 277
84 278
85 278
86 279
87 280
88 280
89 280
90 280
91 281
92 281
93 281
94 282
95 283
96 283
97 283
98 284
99 284
100 284
101 284
102 285
103 286
104 286
105 287
106 287
107 287
108 288
109 289
110 290
111 291
112 292
113 292
114 292
115 292
116 293
117 294
118 294
119 294
120 295
121 295
122 296
123 297
124 297
125 297
126 297
127 297
128 298
129 298
130 299
131 300
132 300
133 301
134 302
135 302
136 302
137 302
138 302
139 302
140 303
141 304
142 305
143 305
144 305
145 305
146 305
147 306
148 306
149 306
150 306
151 307
152 308
153 308
154 308
155 309
156 309
157 310
158 311
159 312
160 312
161 313
162 314
163 314
164 314
165 315
166 316
167 316
168 316
169 317
170 317
171 318
172 319
173 319
174 319
175 319
176 320
177 321
178 322
179 322
180 322
181 323
182 323
183 324
184 325
185 325
186 325
187 325
188 326
189 327
190 327
191 327
192 328
193 328
194 329
195 330
196 330
197 330
198 331
199 332
200 333
201 333
202 333
203 334
204 334
205 334
206 334
207 334
208 333
209 332
210 331
211 332
212 333
213 334
214 335
215 336
216 337
217 338
218 339
219 340
220 341
221 342
222 343
223 344
224 344
225 344
226 344
227 344
228 345
229 345
230 346
231 347
232 347
233 347
234 348
235 348
236 349
237 350
238 350
239 350
240 351
241 352
242 353
243 353
244 354
245 355
246 355
247 355
248 356
249 356
250 356
251 357
252 358
253 358
254 358
255 358
256 359
257 359
258 359
259 359
260 360
261 361
262 361
263 361
264 361
265 361
266 362
267 362
268 362
269 363
270 364
271 364
272 365
273 366
274 366
275 367
276 367
277 368
278 369
279 369
280 369
281 370
282 370
283 371
284 372
285 372
286 372
287 373
288 373
289 373
290 373
291 374
292 375
293 375
294 376
295 377
296 377
297 377
298 378
299 378
300 378
301 378
302 379
303 380
304 380
305 381
306 381
307 382
308 383
309 383
310 383
311 384
312 384
313 385
314 386
315 386
316 386
317 387
318 387
319 388
320 389
321 389
322 389
323 389
324 389
325 389
326 390
327 391
328 391
329 391
330 392
331 393
332 394
333 395
334 396
335 397
336 398
337 399
338 400
339 401
340 402
341 403
342 404
343 405
344 406
345 407
346 408
347 409
348 410
349 411
350 412
351 413
352 414
353 415
354 416
355 417
356 418
357 419
358 420
359 421
360 422
361 423
362 424
363 425
364 426
365 427
366 428
367 429
368 430
369 431
369 432
370 433
370 434
370 435
370 436
370 437
370 438
369 439
368 440
367 441
366 442
365 443
364 444
363 445
362 446
361 447
360 448
359 449
358 450
357 451
357 452
358 453
359 454
360 455
361 456
362 457
363 458
364 459
365 460
366 461
367 462
367 463
367 464
367 465
367 466
367 467
367 468
366 469
366 470
366 471
366 472
365 473
364 474
364 475
364 476
364 477
364 478
364 479
363 480
362 481
362 482
362 483
362 484
362 485
361 486
361 487
361 488
361 489
361 490
361 491
360 492
359 493
359 494
359 495
359 496
359 497
358 498
358 499
357 500
356 501
355 502
354 503
353 504
352 505
351 506
352 507
353 508
354 509
355 510
356 511
357 512
358 513
359 514
360 515
361 516
361 517
361 518
361 519
361 520
361 521
362 522
362 523
362 524
362 525
362 526
362 527
362 528
362 529
362 530
362 531
362 532
363 533
364 534
364 535
364 536
364 537
365 538
366 539
366 540
367 541
368 542
369 543
370 544
371 545
372 546
373 547
374 548
375 549
376 550
377 551
378 552
379 553
380 554
381 555
382 556
383 557
384 558
385 559
386 560
387 561
388 562
389 563
390 564
391 565
392 566
393 567
394 568
395 569
396 570
397 571
398 572
399 573
400 574
401 575
402 576
403 577
404 578
405 579
406 580
407 581
408 582
409 583
410 584
411 585
412 586
413 587
414 588
415 589
416 590
417 591
418 592
419 593
420 594
421 595
422 596
423 597
424 597
425 598
426 598
427 599
428 600
429 601
430 602
431 603
432 603
433 604
434 605
435 605
436 606
437 606
438 607
439 608
440 608
441 609
442 609
443 610
444 611
445 611
446 611
447 612
448 612
449 613
450 614
451 614
452 615
453 616
454 616
455 616
456 616
457 616
458 617
459 617
460 618
461 619
462 619
463 619
464 619
465 619
466 620
467 620
468 620
469 620
470 620
471 621
472 622
473 622
474 622
475 622
476 622
477 622
478 623
479 623
480 623
481 623
482 623
483 623
484 623
485 623
486 623
487 623
488 624
489 625
490 625
491 625
492 625
493 625
494 625
495 625
496 625
497 625
498 625
499 625
500 625
501 625
502 625
503 625
504 625
505 625
506 625
507 625
508 625
509 625
510 625
511 625
512 625
513 625
514 625
515 625
516 624
517 623
518 623
519 623
520 623
521 623
522 623
523 623
524 623
525 622
526 622
527 622
528 622
529 622
530 622
531 621
532 620
533 620
534 620
535 620
536 620
537 619
538 619
539 619
540 619
541 619
542 618
543 617
544 617
545 617
546 617
547 616
548 616
549 616
550 615
551 614
552 614
553 613
554 612
555 612
556 611
557 611
558 611
559 610
560 611
561 612
562 613
563 614
564 615
565 616
566 617
567 618
568 619
569 620
570 621
571 622
572 623
573 624
574 625
575 626
576 627
577 628
577 629
578 630
578 631
579 632
580 633
580 634
581 635
582 636
583 637
583 638
583 639
584 640
585 641
586 642
586 643
586 644
587 645
587 646
588 647
589 648
590 649
591 650
591 651
591 652
592 653
592 654
593 655
594 656
594 657
594 658
595 659
595 660
595 661
595 662
596 663
597 664
597 665
598 666
598 667
599 668
600 669
600 670
601 671
602 672
602 673
602 674
602 675
603 676
604 677
605 678
605 679
605 680
606 681
606 682
607 683
608 684
608 685
608 686
608 687
608 688
609 689
610 690
611 691
612 692
612 693
613 694
614 695
614 696
615 697
616 698
616 699
617 700
617 701
617 702
617 703
618 704
619 705
619 706
619 707
620 708
620 709
621 710
622 711
622 712
622 713
623 714
624 715
625 716
625 717
626 718
627 719
627 720
627 721
627 722
628 723
628 724
628 725
629 726
630 727
630 728
631 729
632 730
633 731
633 732
633 733
634 734
634 735
634 736
634 737
635 738
636 739
636 740
637 741
637 742
638 743
639 744
639 745
640 746
641 747
642 748
642 749
642 750
643 751
644 752
645 753
645 754
646 755
647 756
647 757
647 758
648 759
648 760
649 761
650 762
650 763
650 764
651 765
652 766
652 767
652 768
653 769
653 770
654 771
655 772
655 773
655 774
656 775
656 776
657 777
658 778
658 779
659 780
659 781
659 782
659 783
658 784
658 785
659 786
660 787
661 788
662 789
663 790
664 791
665 792
666 793
667 794
668 795
669 796
670 797
671 798
672 799
673 800
674 801
675 802
675 803
676 804
677 805
677 806
678 807
679 808
680 809
680 810
681 811
681 812
682 813
683 814
683 815
684 816
684 817
685 818
686 819
686 820
686 821
687 822
687 823
688 824
689 825
689 826
690 827
691 828
691 829
691 830
692 831
692 832
693 833
694 834
694 835
694 836
695 837
695 838
695 839
695 840
696 841
697 842
697 843
697 844
698 845
699 846
700 847
700 848
701 849
702 850
702 851
702 852
703 853
703 854
703 855
703 856
703 857
704 858
705 859
705 860
705 861
705 862
705 863
706 864
706 865
707 866
708 867
708 868
709 869
709 870
710 871
711 872
711 873
711 874
712 875
712 876
713 877
714 878
714 879
715 880
716 881
717 882
718 883
719 884
719 885
720 886
720 887
721 888
722 889
722 890
722 891
723 892
723 893
724 894
725 895
726 896
727 897
728 898
728 899
728 900
729 901
730 902
730 903
730 904
731 905
731 906
732 907
733 908
733 909
733 910
734 911
735 912
736 913
737 914
737 915
738 916
739 917
739 918
740 919
741 920
741 921
741 922
742 923
742 924
742 925
743 926
744 927
744 928
745 929
746 930
747 931
747 932
747 933
748 934
748 935
748 936
748 937
749 938
750 939
750 940
751 941
752 942
753 943
754 944
755 945
755 946
755 947
756 948
756 949
756 950
757 951
758 952
758 953
758 954
759 955
759 956
760 957
761 958
761 959
761 960
762 961
762 962
763 963
764 964
764 965
765 966
766 967
766 968
766 969
766 970
767 971
768 972
769 973
769 974
769 975
770 976
771 977
772 978
773 979
774 980
775 981
776 982
777 983
778 984
779 985
780 986
781 987
782 988
783 989
784 990
785 991
786 992
787 993
788 994
789 995
790 996
791 997
792 998
793 999
