1 249
2 250
3 251
4 252
5 253
6 254
7 255
8 256
9 255
10 256
11 257
12 258
13 259
14 259
15 260
16 261
17 262
18 263
19 264
20 265
21 265
22 266
23 267
24 268
25 267
26 268
27 269
28 270
29 271
30 272
31 273
32 273
33 274
34 275
35 276
36 276
37 277
38 277
39 277
40 277
41 277
42 278
43 277
44 277
45 278
46 278
47 277
48 276
49 275
50 276
51 277
52 278
53 279
54 280
55 281
56 281
57 281
58 282
59 283
60 284
61 284
62 285
63 286
64 287
65 288
66 289
67 290
68 290
69 291
70 291
71 291
72 292
73 293
74 292
75 293
76 294
77 293
78 292
79 292
80 293
81 292
82 293
83 293
84 292
85 293
86 293
87 293
88 293
89 293
90 293
91 294
92 295
93 295
94 296
95 297
96 298
97 298
98 298
99 298
100 299
101 300
102 301
103 301
104 302
105 303
106 302
107 302
108 303
109 304
110 304
111 305
112 306
113 307
114 308
115 309
116 310
117 311
118 312
119 313
120 314
121 315
122 316
123 316
124 316
125 316
126 316
127 317
128 318
129 318
130 319
131 319
132 319
133 318
134 319
135 320
136 321
137 322
138 322
139 323
140 324
141 324
142 325
143 325
144 326
145 327
146 327
147 327
148 328
149 329
150 329
151 329
152 330
153 330
154 330
155 331
156 330
157 331
158 332
159 333
160 333
161 333
162 334
163 334
164 333
165 333
166 333
167 334
168 333
169 334
170 335
171 336
172 337
173 337
174 338
175 339
176 340
177 341
178 342
179 341
180 342
181 343
182 344
183 344
184 345
185 345
186 346
187 345
188 346
189 346
190 346
191 346
192 347
193 346
194 346
195 347
196 348
197 349
198 349
199 348
200 347
201 348
202 348
203 349
204 350
205 351
206 351
207 352
208 351
209 351
210 351
211 350
212 351
213 352
214 351
215 352
216 353
217 354
218 355
219 356
220 356
221 357
222 358
223 357
224 358
225 359
226 360
227 360
228 360
229 361
230 361
231 362
232 362
233 363
234 364
235 365
236 366
237 367
238 368
239 367
240 368
241 369
242 370
243 371
244 371
245 372
246 372
247 372
248 372
249 373
250 373
251 374
252 375
253 376
254 376
255 377
256 378
257 379
258 379
259 379
260 379
261 380
262 381
263 380
264 381
265 382
266 383
267 383
268 382
269 383
270 384
271 385
272 386
273 385
274 386
275 386
276 385
277 386
278 387
279 388
280 389
281 390
282 391
283 391
284 392
285 393
286 392
287 391
288 392
289 392
290 392
291 393
292 394
293 393
294 394
295 394
296 395
297 395
298 395
299 396
300 395
301 396
302 397
303 398
304 398
305 399
306 399
307 398
308 398
309 399
310 400
311 400
312 401
313 402
314 402
315 401
316 400
317 399
318 399
319 399
320 400
321 401
322 400
323 400
324 399
325 400
326 401
327 402
328 403
329 404
330 404
331 405
332 406
333 406
334 407
335 408
336 409
337 410
338 411
339 412
340 413
341 414
342 415
343 415
344 416
345 417
346 418
347 419
348 420
349 421
350 422
351 422
352 422
353 423
354 424
355 424
356 424
357 425
358 426
359 427
360 427
361 427
362 428
363 429
364 429
365 429
366 430
367 430
368 430
369 431
370 432
371 433
372 434
371 435
370 436
370 437
370 438
369 439
369 440
368 441
367 442
366 443
365 444
364 445
363 446
363 447
362 448
363 449
364 450
364 451
363 452
362 453
363 454
364 455
365 456
366 457
367 458
367 459
367 460
368 461
369 462
369 463
368 464
369 465
369 466
368 467
369 468
368 469
367 470
366 471
367 472
367 473
368 474
367 475
366 476
365 477
365 478
364 479
363 480
363 481
362 482
363 483
364 484
365 485
364 486
363 487
363 488
364 489
365 490
366 491
365 492
364 493
363 494
364 495
363 496
362 497
363 498
364 499
365 500
364 501
365 502
366 503
367 504
366 505
365 506
364 507
363 508
362 509
362 510
362 511
361 512
360 513
361 514
362 515
362 516
363 517
364 518
365 519
366 520
367 521
368 522
367 523
368 524
369 525
370 526
371 527
372 528
373 529
374 530
375 531
376 532
377 533
378 534
379 535
380 536
381 537
382 538
383 539
384 540
385 541
386 542
387 543
388 544
388 545
388 546
389 547
390 548
390 549
390 550
390 551
391 552
391 553
391 554
392 555
393 556
393 557
394 558
394 559
394 560
395 561
395 562
396 563
397 564
397 565
397 566
398 567
399 568
400 569
400 570
401 571
402 572
402 573
403 574
404 575
404 576
405 577
406 578
407 579
408 580
408 581
408 582
409 583
410 584
411 585
412 586
413 587
414 588
415 589
416 590
417 591
418 592
419 593
420 594
421 595
422 596
423 597
424 598
425 599
426 600
427 601
428 602
429 603
430 604
431 605
432 606
433 607
434 608
435 609
436 609
437 610
438 611
439 612
440 613
441 614
442 615
443 616
444 617
445 618
446 619
447 620
448 621
449 622
450 623
451 622
452 621
453 620
454 619
455 618
456 619
457 620
458 621
459 622
460 623
461 624
462 625
463 626
464 625
465 626
466 627
467 626
468 627
469 628
470 628
471 627
472 626
473 626
474 625
475 624
476 623
477 624
478 624
479 623
480 624
481 625
482 626
483 627
484 628
485 627
486 628
487 628
488 629
489 628
490 627
491 626
492 627
493 627
494 626
495 626
496 627
497 628
498 628
499 629
500 630
501 629
502 628
503 627
504 627
505 626
506 625
507 626
508 626
509 625
510 625
511 626
512 627
513 627
514 627
515 626
516 627
517 626
518 625
519 625
520 624
521 625
522 625
523 624
524 623
525 624
526 624
527 623
528 623
529 623
530 622
531 621
532 622
533 623
534 622
535 621
536 620
537 619
538 620
539 621
540 622
541 622
542 621
543 621
544 620
545 621
546 621
547 621
548 621
549 620
550 619
551 620
552 620
553 619
554 619
555 620
556 621
557 620
558 620
559 621
560 622
561 622
562 623
563 622
564 621
565 622
566 623
567 624
568 625
569 625
570 624
571 625
572 625
573 626
574 626
575 627
576 627
577 628
578 629
579 630
580 631
581 632
582 633
583 634
584 635
585 636
586 637
587 638
588 639
589 640
590 641
591 642
592 643
593 644
594 645
595 646
596 647
597 648
598 649
599 650
600 651
599 652
600 653
601 654
602 655
603 656
602 657
603 658
604 659
605 660
605 661
604 662
603 663
604 664
605 665
606 666
607 667
608 668
609 669
610 670
611 671
611 672
611 673
610 674
610 675
611 676
611 677
612 678
611 679
610 680
611 681
612 682
613 683
614 684
615 685
616 686
615 687
616 688
617 689
618 690
619 691
620 692
620 693
620 694
621 695
622 696
623 697
624 698
625 699
626 700
626 701
626 702
625 703
625 704
624 705
625 706
625 707
624 708
624 709
625 710
626 711
627 712
628 713
629 714
630 715
631 716
632 717
633 718
632 719
631 720
630 721
629 722
630 723
630 724
631 725
630 726
631 727
632 728
632 729
632 730
633 731
634 732
634 733
634 734
634 735
635 736
634 737
635 738
636 739
636 740
637 741
638 742
639 743
640 744
641 745
642 746
643 747
644 748
645 749
646 750
647 751
648 752
649 753
650 754
651 755
652 756
652 757
653 758
653 759
652 760
653 761
653 762
653 763
653 764
654 765
654 766
655 767
656 768
655 769
656 770
656 771
656 772
656 773
655 774
656 775
657 776
658 777
658 778
659 779
660 780
661 781
662 782
663 783
663 784
664 785
665 786
666 787
667 788
668 789
669 790
670 791
671 792
672 793
673 794
673 795
674 796
675 797
676 798
677 799
678 800
679 801
680 802
680 803
679 804
680 805
681 806
682 807
683 808
684 809
685 810
686 811
687 812
688 813
689 814
690 815
691 816
692 817
693 818
694 819
693 820
692 821
693 822
694 823
693 824
693 825
692 826
691 827
691 828
691 829
692 830
693 831
694 832
695 833
696 834
697 835
698 836
699 837
700 838
701 839
702 840
703 841
704 842
705 843
704 844
704 845
705 846
706 847
707 848
706 849
707 850
706 851
706 852
705 853
706 854
705 855
706 856
706 857
707 858
707 859
708 860
709 861
709 862
708 863
708 864
709 865
710 866
711 867
710 868
710 869
711 870
712 871
713 872
712 873
713 874
713 875
714 876
715 877
716 878
717 879
718 880
719 881
720 882
720 883
721 884
722 885
723 886
724 887
725 888
726 889
727 890
728 891
729 892
730 893
730 894
729 895
730 896
731 897
730 898
731 899
730 900
731 901
732 902
733 903
734 904
735 905
734 906
734 907
735 908
736 909
737 910
736 911
735 912
736 913
737 914
738 915
739 916
739 917
739 918
740 919
741 920
742 921
743 922
744 923
745 924
745 925
746 926
747 927
748 928
749 929
750 930
751 931
750 932
750 933
749 934
749 935
750 936
751 937
752 938
752 939
753 940
754 941
755 942
756 943
757 944
758 945
758 946
759 947
760 948
761 949
761 950
760 951
759 952
760 953
761 954
762 955
763 956
764 957
765 958
765 959
764 960
765 961
766 962
767 963
767 964
768 965
769 966
769 967
768 968
769 969
770 970
770 971
771 972
772 973
773 974
774 975
775 976
776 977
777 978
778 979
779 980
780 981
781 982
782 983
783 984
784 985
785 986
786 987
787 988
788 989
788 990
788 991
787 992
788 993
789 994
790 995
791 996
792 997
793 998
793 999
