740 999
739 998
738 997
737 996
736 995
735 994
734 993
733 992
732 991
731 990
730 989
729 988
728 987
727 986
726 985
725 984
724 983
723 982
722 981
721 980
720 979
720 978
721 977
721 976
721 975
721 974
720 973
721 972
720 971
720 970
719 969
719 968
720 967
719 966
719 965
718 964
717 963
717 962
718 961
717 960
716 959
717 958
717 957
717 956
716 955
715 954
714 953
714 952
713 951
712 950
712 949
713 948
712 947
713 946
713 945
712 944
711 943
712 942
711 941
710 940
709 939
709 938
710 937
709 936
708 935
708 934
708 933
708 932
708 931
707 930
706 929
707 928
706 927
707 926
706 925
705 924
706 923
706 922
706 921
705 920
704 919
703 918
703 917
703 916
704 915
705 914
705 913
704 912
703 911
703 910
702 909
701 908
700 907
699 906
698 905
697 904
696 904
695 903
694 902
693 902
692 902
691 903
690 904
689 903
688 903
687 904
686 905
685 904
684 904
683 905
682 906
681 907
680 908
679 909
678 910
677 910
676 910
675 910
674 911
673 912
672 911
671 910
670 911
669 912
668 913
667 914
666 915
665 916
664 917
663 918
662 917
661 918
660 917
659 918
658 919
657 918
656 918
655 919
654 920
653 919
652 919
651 919
650 920
649 921
648 922
647 923
646 923
645 924
644 925
643 926
642 927
641 926
640 925
639 925
638 926
637 925
636 924
635 923
634 922
633 921
632 920
631 919
630 918
629 917
628 916
627 915
626 914
625 913
625 912
624 911
624 910
623 909
622 908
621 907
620 906
620 905
619 904
618 903
617 903
616 902
615 901
614 900
613 899
612 898
611 898
610 897
609 897
608 898
607 897
606 897
605 896
604 895
603 894
602 893
601 892
600 891
599 890
598 889
597 888
596 887
595 886
594 885
593 884
592 883
591 882
590 881
589 880
588 879
587 878
586 877
587 876
588 875
589 874
590 873
591 872
591 871
592 870
591 869
590 868
589 867
588 866
587 865
586 864
585 863
584 862
583 861
582 860
581 859
580 858
579 857
578 856
578 855
577 854
576 853
575 852
574 851
573 850
572 849
571 848
570 847
569 846
568 845
567 844
566 843
565 842
564 841
563 840
562 839
561 838
560 837
559 836
558 835
557 834
556 833
555 832
554 831
554 830
555 829
556 828
557 827
558 826
557 825
558 824
559 823
560 822
561 821
562 820
563 819
563 818
564 817
565 816
566 815
566 814
565 813
564 812
563 811
562 810
562 809
563 808
564 807
565 806
564 805
563 804
562 803
561 802
560 801
559 800
558 799
557 798
556 797
555 796
554 795
553 794
552 793
551 792
550 793
549 794
548 795
547 796
546 797
545 797
544 797
543 796
542 795
541 794
540 793
539 792
538 792
537 791
536 791
535 790
534 789
533 789
532 788
531 787
530 788
529 789
528 790
527 790
526 791
525 790
524 789
523 788
522 788
521 787
520 787
519 787
518 787
517 788
516 787
515 788
514 788
513 789
512 790
511 790
510 789
509 790
508 791
507 792
506 793
505 794
504 793
503 792
502 791
501 790
500 789
499 788
498 787
497 788
496 787
495 788
494 789
493 788
492 788
491 787
490 788
489 789
488 790
487 791
486 792
485 793
484 792
483 792
482 793
481 793
480 792
479 791
478 790
477 791
476 790
475 790
474 791
473 792
472 791
471 792
470 793
469 793
468 793
467 792
466 791
465 792
464 792
463 793
462 794
461 794
460 793
459 794
458 795
457 794
456 794
455 793
454 792
453 792
452 791
451 792
450 793
449 792
448 791
447 790
446 789
445 788
444 787
443 786
442 785
441 784
440 783
439 782
438 781
437 780
438 779
439 778
439 777
438 776
437 775
437 774
436 773
435 772
436 771
435 770
434 769
434 768
433 767
434 766
433 765
432 764
433 763
432 762
431 761
431 760
431 759
431 758
430 757
430 756
429 755
428 754
427 753
426 752
425 751
425 750
424 749
423 748
422 747
422 746
421 745
420 744
419 743
418 742
417 741
416 740
415 739
414 738
413 737
413 736
412 735
411 734
410 733
410 732
409 731
410 730
409 729
408 728
409 727
408 726
407 725
407 724
406 723
405 722
404 721
403 720
402 719
401 718
400 717
399 716
398 715
397 714
396 713
395 712
394 711
393 710
392 709
391 708
390 707
389 707
388 707
387 706
386 707
385 708
384 708
383 708
382 707
381 708
380 709
379 710
378 711
377 710
376 709
375 708
374 707
373 708
372 709
371 708
370 708
369 708
368 707
367 706
366 707
365 706
364 705
363 704
362 703
361 702
360 701
359 700
358 699
357 698
356 697
355 696
354 695
353 696
352 697
351 698
350 699
349 699
348 700
347 699
346 698
345 699
344 700
343 701
342 700
341 700
340 700
339 700
338 700
337 700
336 699
335 700
334 699
333 698
332 697
331 696
330 695
329 694
328 693
327 692
326 692
325 693
324 694
323 694
322 693
321 694
320 695
319 696
318 695
317 694
316 693
315 694
314 695
313 694
312 693
311 693
310 694
309 695
308 694
307 695
306 694
305 695
304 694
303 693
302 694
301 695
300 696
299 695
298 696
297 697
296 697
295 698
294 697
293 696
292 697
291 698
290 699
289 699
288 698
287 699
286 698
285 699
284 699
283 700
282 701
281 701
280 701
279 702
278 701
277 700
276 701
275 700
274 699
273 698
272 699
271 700
270 699
269 699
268 698
267 699
266 699
265 700
264 701
263 701
262 700
261 700
260 701
259 700
258 701
257 700
256 700
255 701
254 702
253 703
252 704
251 703
250 704
249 705
248 706
247 707
246 708
245 709
244 710
243 710
242 709
241 709
240 708
239 707
238 706
237 705
236 706
235 707
234 708
233 707
232 706
231 707
230 706
229 706
228 705
227 706
226 707
225 708
224 708
223 707
222 708
221 708
220 709
219 709
218 709
217 708
216 708
215 708
214 709
213 709
212 708
211 708
210 707
209 708
208 707
207 706
206 705
205 704
204 703
203 702
202 701
201 700
200 699
199 698
198 697
197 696
196 695
195 694
194 693
193 692
192 691
191 690
190 689
189 688
188 687
187 686
186 685
185 684
184 683
183 682
182 681
181 680
180 679
179 678
178 677
177 676
176 675
175 674
174 673
173 672
172 671
171 670
170 669
169 668
168 667
167 666
166 665
165 664
164 663
163 662
162 661
161 660
160 659
159 658
158 657
157 656
156 655
155 654
154 653
153 652
152 651
151 651
150 650
149 649
148 648
147 647
146 646
145 645
144 644
143 645
142 644
141 643
140 642
139 641
138 640
137 641
136 640
135 639
134 640
133 640
132 639
131 638
130 637
129 638
128 637
127 637
126 636
125 637
124 636
123 637
122 636
121 635
120 635
119 634
118 633
117 633
116 633
115 634
114 633
113 632
112 631
111 630
110 629
109 628
108 627
107 626
106 625
105 624
104 623
103 622
102 621
101 620
100 619
99 620
98 621
97 620
96 619
95 618
94 617
93 616
92 615
91 614
90 613
89 612
88 612
87 613
86 613
85 613
84 612
83 611
82 610
81 609
80 608
79 607
78 606
77 605
76 604
75 604
74 603
73 602
72 601
71 600
70 599
69 598
68 597
67 596
66 596
65 596
64 596
63 595
62 594
61 594
60 594
59 593
58 592
57 592
56 591
55 590
54 589
53 588
52 587
53 586
52 585
51 584
52 583
53 582
54 581
55 580
56 579
57 578
58 577
59 576
60 575
61 574
62 573
63 572
64 571
65 570
66 569
67 568
68 567
69 566
70 565
71 564
72 563
73 562
74 561
75 560
76 559
77 558
78 557
79 556
80 555
81 554
82 553
83 552
84 551
85 550
86 549
87 548
88 548
89 547
90 546
91 545
92 544
93 543
94 542
95 541
96 540
97 539
98 538
99 537
100 538
101 537
102 536
103 535
104 534
105 534
106 533
107 532
108 532
109 531
110 530
111 530
112 529
113 528
114 529
115 530
116 531
117 530
118 529
119 528
120 527
121 526
122 525
123 525
124 524
125 525
126 525
127 524
128 523
129 522
130 521
131 520
132 519
133 518
134 518
135 517
136 516
137 516
138 515
139 514
140 515
141 514
142 513
143 512
144 511
145 512
146 511
147 510
148 509
149 508
150 507
151 506
152 505
153 504
154 503
155 502
156 501
156 500
157 499
158 498
159 497
160 496
161 495
160 494
159 493
158 492
157 491
156 490
155 489
154 488
153 487
152 486
151 485
151 484
150 483
149 482
148 481
147 480
146 479
146 478
146 477
145 476
145 475
145 474
144 473
144 472
143 471
142 470
141 469
140 468
139 467
138 466
137 465
136 464
135 463
134 462
133 461
132 460
131 459
130 458
129 457
128 456
127 455
126 454
125 453
124 452
123 451
122 450
121 449
120 448
119 447
118 446
117 445
116 444
115 443
114 442
113 441
112 440
111 439
110 438
109 437
108 436
107 435
106 434
105 433
104 432
103 431
102 430
101 429
100 428
101 427
102 426
103 425
104 424
103 423
102 422
101 421
101 420
100 419
99 418
98 417
98 416
97 415
96 414
97 413
98 412
99 411
99 410
100 409
101 408
101 407
101 406
102 405
103 404
104 403
105 402
106 401
107 400
107 399
108 398
109 397
110 396
111 395
112 394
113 393
114 392
114 391
113 390
112 389
113 388
114 387
115 386
116 385
116 384
117 383
118 382
118 381
118 380
119 379
120 378
119 377
120 376
121 375
122 374
121 373
122 372
123 371
122 370
123 369
123 368
122 367
121 366
120 365
119 364
118 363
118 362
118 361
117 360
116 359
115 358
114 357
113 356
112 355
111 354
110 353
109 352
108 351
107 350
106 349
105 348
106 347
105 346
106 345
106 344
107 343
108 342
109 341
109 340
110 339
111 338
112 337
113 336
114 335
115 334
114 333
114 332
115 331
115 330
114 329
114 328
115 327
116 326
117 325
118 324
119 323
120 322
121 321
122 320
122 319
123 318
122 317
122 316
123 315
124 314
125 313
126 312
127 311
128 310
127 309
126 308
125 307
124 306
125 305
126 304
127 303
128 302
129 301
130 300
131 299
131 298
130 297
129 296
128 295
127 294
126 293
125 292
124 291
123 290
122 289
121 288
120 287
119 286
118 285
117 284
116 283
115 282
114 281
113 280
112 279
111 278
110 277
109 276
108 275
107 274
106 273
105 272
104 271
103 270
102 269
101 268
100 267
99 266
98 265
97 264
96 263
95 262
94 261
93 260
92 259
91 258
90 257
89 256
88 255
87 254
86 253
85 252
84 251
83 250
82 249
81 248
80 247
79 246
78 245
77 244
76 243
75 242
74 241
73 240
72 239
71 238
70 237
69 236
68 235
67 234
66 233
65 232
64 231
63 230
62 229
61 228
60 227
59 226
58 225
57 224
56 223
55 222
54 221
53 221
52 221
51 220
50 219
49 218
48 217
47 216
46 215
45 214
44 213
43 212
42 211
41 211
40 210
39 209
38 208
37 207
36 206
35 205
34 204
33 203
32 202
31 201
30 200
29 199
28 198
27 197
26 196
25 195
24 194
23 193
22 192
21 191
20 190
21 189
22 188
23 187
24 186
25 185
26 184
27 183
28 182
29 181
30 180
31 179
32 178
33 177
34 176
35 175
36 174
37 173
38 172
39 171
40 170
41 169
41 168
40 167
41 166
42 165
43 164
44 163
43 162
44 161
43 160
42 159
43 158
44 157
45 156
44 155
45 154
46 153
46 152
45 151
44 150
43 149
42 148
41 147
40 146
39 145
38 144
37 143
36 142
35 141
34 140
33 139
32 138
31 137
30 136
29 135
28 134
27 133
26 132
25 131
24 130
23 129
22 128
21 127
20 126
19 125
20 124
20 123
19 122
18 121
17 120
16 119
16 118
17 117
16 116
17 115
18 114
19 113
20 112
20 111
21 110
20 109
19 108
20 107
21 106
22 105
23 104
22 103
23 102
24 101
25 100
26 99
27 98
27 97
27 96
28 95
29 94
30 93
30 92
31 91
32 90
33 89
34 88
35 87
36 86
37 85
38 84
39 83
40 82
39 81
40 80
41 79
42 78
43 77
44 76
45 75
46 74
45 73
46 72
47 71
48 70
49 69
50 68
49 67
48 66
47 65
46 64
45 63
44 62
43 61
42 60
41 59
40 58
39 57
38 56
37 55
36 54
35 53
34 52
33 51
32 50
31 49
30 48
29 47
28 46
27 45
26 44
25 43
24 42
23 41
22 40
21 39
20 38
19 37
18 36
17 35
16 34
15 33
14 32
13 31
12 30
11 29
10 28
9 28
8 27
7 28
6 27
5 26
4 25
3 25
2 24
1 23
