740 999
739 998
738 997
737 996
736 995
735 994
734 993
733 992
732 991
731 990
730 989
729 988
728 987
727 986
726 985
725 984
724 983
723 982
722 981
721 980
720 979
719 978
719 977
720 976
720 975
720 974
720 973
719 972
719 971
719 970
719 969
718 968
718 967
719 966
718 965
717 964
717 963
717 962
717 961
716 960
716 959
716 958
716 957
716 956
716 955
715 954
714 953
714 952
713 951
712 950
712 949
712 948
712 947
711 946
711 945
711 944
711 943
711 942
710 941
709 940
709 939
709 938
709 937
709 936
708 935
708 934
708 933
708 932
708 931
707 930
706 929
706 928
706 927
706 926
706 925
705 924
705 923
705 922
705 921
705 920
704 919
703 918
703 917
703 916
703 915
703 914
702 913
702 912
702 911
702 910
702 909
701 908
700 907
699 906
698 905
697 904
696 903
695 902
694 901
693 900
692 899
691 898
690 898
689 898
688 898
687 899
686 900
685 900
684 901
683 902
682 902
681 902
680 901
679 900
678 899
677 900
676 901
675 902
674 903
673 904
672 905
671 906
670 907
669 908
668 909
667 910
666 911
665 911
664 911
663 912
662 912
661 913
660 914
659 914
658 915
657 916
656 916
655 916
654 917
653 917
652 918
651 919
650 919
649 920
648 920
647 921
646 922
645 922
644 922
643 923
642 923
641 924
640 925
639 925
638 925
637 925
636 924
635 923
634 922
633 921
632 920
631 919
630 918
629 917
628 916
627 915
626 914
625 913
625 912
624 911
623 910
622 909
622 908
621 907
620 906
620 905
619 904
618 903
617 902
616 901
615 900
614 899
613 898
612 897
611 896
610 895
609 896
608 897
607 897
606 897
605 896
604 895
603 894
602 893
601 892
600 891
599 890
598 889
597 888
596 887
595 886
594 885
593 884
592 883
591 882
590 881
589 880
588 879
587 878
586 877
585 876
584 875
583 874
583 873
582 872
581 871
581 870
580 869
579 868
578 867
577 866
576 865
575 864
574 863
573 862
572 861
571 862
570 862
569 863
568 864
567 865
566 866
565 866
564 866
563 867
562 867
561 868
560 869
559 869
558 869
557 870
556 871
555 872
554 872
553 872
552 873
551 873
550 874
549 875
548 875
547 876
546 877
545 877
544 878
543 878
542 879
541 880
540 880
539 880
538 881
537 882
536 883
535 883
534 883
533 884
532 884
531 885
530 886
529 885
528 884
527 883
526 882
525 881
524 880
523 879
522 878
521 877
520 876
519 875
518 874
517 873
516 872
515 871
514 870
513 869
512 868
511 867
510 866
509 865
508 864
507 863
506 862
505 861
504 860
503 859
502 858
501 857
500 856
499 855
498 854
497 853
496 852
495 851
494 850
493 849
492 848
491 847
490 846
489 845
488 844
487 843
486 842
486 841
486 840
486 839
486 838
486 837
486 836
486 835
486 834
486 833
486 832
486 831
486 830
487 829
487 828
487 827
487 826
487 825
487 824
487 823
487 822
487 821
487 820
487 819
487 818
488 817
489 816
489 815
489 814
489 813
489 812
490 811
491 810
491 809
491 808
491 807
491 806
491 805
492 804
492 803
492 802
492 801
492 800
491 799
490 798
489 797
488 796
487 795
486 794
485 793
484 792
483 791
482 790
481 789
480 788
479 787
478 786
477 786
476 787
475 788
474 789
473 789
472 789
471 789
470 789
469 789
468 789
467 789
466 789
465 789
464 790
463 791
462 791
461 791
460 791
459 791
458 791
457 791
456 791
455 791
454 791
453 791
452 791
451 791
450 791
449 791
448 791
447 790
446 789
445 788
444 787
443 786
442 785
441 784
440 783
439 782
438 781
437 780
437 779
437 778
436 777
436 776
436 775
435 774
434 773
434 772
433 771
433 770
433 769
433 768
433 767
432 766
431 765
431 764
430 763
430 762
430 761
429 760
428 759
428 758
428 757
428 756
427 755
427 754
427 753
426 752
425 751
425 750
424 749
423 748
422 747
421 746
420 745
419 744
418 743
417 742
416 741
415 740
414 739
413 738
412 737
411 736
410 735
409 734
408 733
407 732
406 731
405 730
404 729
403 728
403 727
404 726
405 725
406 724
406 723
405 722
404 721
403 720
402 719
401 718
400 717
399 716
398 715
397 714
396 713
395 712
394 711
393 710
392 709
391 708
390 707
389 706
388 705
387 704
386 703
385 702
384 702
383 702
382 702
381 702
380 701
379 700
378 700
377 699
376 698
375 698
374 698
373 698
372 697
371 697
370 697
369 696
368 695
367 695
366 695
365 695
364 695
363 695
362 695
361 694
360 694
359 694
358 694
357 694
356 694
355 694
354 694
353 694
352 693
351 692
350 692
349 692
348 692
347 692
346 692
345 692
344 692
343 691
342 691
341 691
340 691
339 691
338 691
337 691
336 691
335 691
334 691
333 691
332 691
331 691
330 691
329 691
328 691
327 691
326 691
325 691
324 691
323 691
322 691
321 691
320 691
319 691
318 691
317 691
316 691
315 691
314 691
313 691
312 691
311 691
310 692
309 692
308 692
307 692
306 692
305 692
304 692
303 692
302 693
301 694
300 694
299 694
298 694
297 694
296 694
295 694
294 694
293 694
292 694
291 695
290 695
289 695
288 695
287 695
286 695
285 695
284 695
283 696
282 697
281 697
280 697
279 697
278 697
277 697
276 697
275 697
274 697
273 697
272 698
271 698
270 698
269 698
268 698
267 698
266 698
265 698
264 699
263 700
262 700
261 700
260 700
259 700
258 700
257 700
256 700
255 701
254 702
253 702
252 702
251 702
250 702
249 702
248 702
247 702
246 702
245 702
244 703
243 703
242 703
241 703
240 703
239 703
238 703
237 703
236 704
235 705
234 705
233 705
232 705
231 705
230 705
229 705
228 705
227 705
226 706
225 706
224 706
223 706
222 706
221 706
220 706
219 706
218 706
217 707
216 708
215 708
214 708
213 708
212 708
211 707
210 706
209 706
208 706
207 705
206 705
205 704
204 703
203 702
202 701
201 700
200 699
199 698
198 697
197 696
196 695
195 694
194 693
193 692
192 691
191 690
190 689
189 688
188 687
187 686
186 685
185 684
184 683
183 682
182 681
181 680
180 679
179 678
178 677
177 676
176 675
175 674
174 673
173 672
172 671
171 670
170 669
169 668
168 667
167 666
166 665
165 664
164 663
163 662
162 661
161 660
160 659
159 658
158 657
157 656
156 655
155 654
154 653
153 652
152 651
151 650
150 649
149 648
148 647
147 646
146 645
145 644
144 643
143 642
142 641
141 641
140 640
139 639
138 639
137 639
136 639
135 639
134 639
133 638
132 637
131 637
130 637
129 636
128 636
127 636
126 636
125 636
124 635
123 634
122 634
121 634
120 634
119 634
118 633
117 633
116 633
115 633
114 633
113 632
112 631
111 630
110 629
109 628
108 627
107 626
106 625
105 624
104 623
103 622
102 621
101 620
100 619
99 619
98 619
97 618
96 617
95 616
94 615
93 614
92 614
91 613
90 612
89 611
88 610
87 609
86 609
85 608
84 608
83 607
82 606
81 605
80 605
79 604
78 603
77 602
76 601
75 600
74 600
73 600
72 599
71 598
70 597
69 597
68 596
67 595
66 595
65 594
64 594
63 594
62 594
61 593
60 592
59 592
58 591
57 591
56 591
55 590
54 589
53 588
52 587
51 586
50 585
51 584
52 583
53 582
54 581
55 580
56 579
57 578
58 577
59 576
60 575
61 574
62 573
63 572
64 571
65 570
66 569
67 568
68 567
69 566
70 565
71 564
72 563
73 562
74 561
75 560
76 559
77 558
78 557
79 556
80 555
81 554
82 553
83 552
84 551
85 550
86 549
87 548
88 547
89 546
90 545
91 544
92 543
93 542
94 541
95 540
96 539
97 538
98 537
99 536
100 536
101 536
102 535
103 534
104 534
105 533
106 532
107 531
108 531
109 530
110 530
111 530
112 529
113 528
114 528
115 528
116 527
117 526
118 525
119 525
120 524
121 523
122 523
123 522
124 522
125 522
126 522
127 521
128 520
129 520
130 519
131 519
132 519
133 518
134 517
135 517
136 516
137 515
138 514
139 514
140 514
141 513
142 512
143 512
144 511
145 511
146 511
147 510
148 509
149 508
150 507
151 506
152 505
153 504
154 503
155 502
156 501
156 500
156 499
157 498
158 497
159 496
159 495
158 494
157 493
156 492
155 491
154 490
153 489
152 488
152 487
152 486
151 485
150 484
149 483
148 482
147 481
146 480
145 479
145 478
144 477
144 476
144 475
144 474
144 473
144 472
143 471
142 470
141 469
140 468
139 467
138 466
137 465
136 464
135 463
134 462
133 461
132 460
131 459
130 458
129 457
128 456
127 455
126 454
125 453
124 452
123 451
122 450
121 449
120 448
119 447
118 446
117 445
116 444
115 443
114 442
113 441
112 440
111 439
110 438
109 437
108 436
107 435
106 434
105 433
104 432
103 431
102 430
101 429
100 428
100 427
99 426
98 425
97 424
97 423
97 422
96 421
95 420
94 419
93 418
92 417
92 416
91 415
91 414
90 413
89 412
89 411
88 410
87 409
87 408
86 407
87 406
88 405
89 404
90 403
91 402
92 401
93 400
94 399
95 398
96 397
97 396
98 395
99 394
100 393
101 392
102 391
103 390
104 389
105 388
106 387
107 386
108 385
109 384
110 383
111 382
112 381
113 380
114 379
115 378
116 377
117 376
118 375
119 374
120 373
121 372
122 371
122 370
123 369
122 368
122 367
121 366
120 365
119 364
118 363
117 362
116 361
116 360
116 359
115 358
114 357
113 356
112 355
111 354
110 353
109 352
108 351
107 350
106 349
105 348
104 347
103 346
102 345
101 344
100 343
99 342
98 341
97 340
96 339
95 338
94 337
93 336
93 335
94 334
95 333
96 332
97 331
98 330
99 329
100 328
101 327
102 326
103 325
104 324
105 323
106 322
107 321
108 320
109 319
110 318
111 317
112 316
113 315
114 314
115 313
116 312
117 311
118 310
119 309
120 308
121 307
122 306
123 305
124 304
125 303
126 302
127 301
127 300
128 299
129 298
130 297
129 296
128 295
127 294
126 293
125 292
124 291
123 290
122 289
121 288
120 287
119 286
118 285
117 284
116 283
115 282
114 281
113 280
112 279
111 278
110 277
109 276
108 275
107 274
106 273
105 272
104 271
103 270
102 269
101 268
100 267
99 266
98 265
97 264
96 263
95 262
94 261
93 260
92 259
91 258
90 257
89 256
88 255
87 254
86 253
85 252
84 251
83 250
82 249
81 248
80 247
79 246
78 245
77 244
76 243
75 242
74 241
73 240
72 239
71 238
70 237
69 236
68 235
67 234
66 233
65 232
64 231
63 230
62 229
61 228
60 227
59 226
58 225
57 224
56 223
55 222
54 221
53 220
52 219
51 218
50 217
49 216
48 216
47 216
46 215
45 214
44 213
43 212
42 211
41 211
40 210
39 209
38 208
37 207
36 206
35 205
34 204
33 203
32 202
31 201
30 200
29 199
28 198
27 197
26 196
25 195
24 194
23 193
22 192
21 191
20 190
19 189
18 188
17 187
18 186
19 185
20 184
21 183
22 182
22 181
23 180
24 179
25 178
26 177
27 176
27 175
27 174
28 173
29 172
30 171
30 170
31 169
31 168
32 167
33 166
34 165
35 164
36 163
36 162
37 161
38 160
39 159
40 158
41 157
41 156
41 155
42 154
43 153
44 152
44 151
44 150
43 149
42 148
41 147
40 146
39 145
38 144
37 143
36 142
35 141
34 140
33 139
32 138
31 137
30 136
29 135
28 134
27 133
26 132
25 131
24 130
23 129
22 128
21 127
20 126
19 125
18 124
17 123
16 122
15 121
14 120
13 119
12 118
11 117
11 116
12 115
13 114
14 113
15 112
16 111
16 110
17 109
18 108
19 107
20 106
21 105
22 104
22 103
22 102
23 101
24 100
25 99
26 98
27 97
27 96
28 95
29 94
30 93
30 92
31 91
31 90
32 89
33 88
34 87
35 86
36 85
36 84
37 83
38 82
39 81
40 80
41 79
41 78
41 77
42 76
43 75
44 74
44 73
45 72
45 71
46 70
47 69
48 68
48 67
48 66
47 65
46 64
45 63
44 62
43 61
42 60
41 59
40 58
39 57
38 56
37 55
36 54
35 53
34 52
33 51
32 50
31 49
30 48
29 47
28 46
27 45
26 44
25 43
24 42
23 41
22 40
21 39
20 38
19 37
18 36
17 35
16 34
15 33
14 32
13 31
12 30
11 29
10 28
9 27
8 26
7 25
6 24
5 23
4 22
3 21
2 22
1 23
